5,32.4,26.6,38.8,57.9,39,33,33.5,30.5,43.5,26.2,28.9,34.2,45.2,13.9,14.6,35.5,29.9,20.1,35.9,74,55,14,23.1,26.3,55.7,45.3,34.5,52.8,24.2,21.5,52.8,37.7,31.3,37.5,37.6,55.4,47.7,43.3,34.5,31.4,9.1,26,18.4,38.1,32.1,14.4,24.2,22.3,52.5,43,52.2,42.5,48.3,24.8,31.3,42.5,36,46.5,43.2,39.4,29.4,25.4,24.1,34.5,37.5,33.5,35.1,46,53.6,18.2,20.9,44.4,21.1,40.9,27.4,60.4,16.9,40.1,32.3,45.6,14.1,96.7,31.9,27.8,37.2,14.9,37.6,47.4,55.4,20.8,25.9,32.8,53.2,22.2,18.7,33.3,15,45.1,46.8,20.8,47.2,37.4,36.5,34.7,71.1,64.9,32.2,24.2,27.1,31.8,29.6,43.7,14,41.1,43.3,34.1,39.3,41.9,48.7,17,39.8,25.6,19.4,37.7,38.7,25,26.7,31.7,32.9,32.3,27.3,38.5,54.5,54.4,34.5,25.7,34.5,32.5,38.1,41.6,14.5,31.8,13.2,10,48.7,47.1,42.9,53,41.7,30.1,37,19.9,56.5,35.9,37,45.6,40.8,48.1,36.3,70.6,15.5,43.4,52.7,62.8,33.8,15.8,48.1,25.6,26.6,19.6,47.8,31.7,14.2,71.9,70.1,31.1,20.7,26.3,33.5,20.1,40.8,30.8,80.4,34.4,29.3,50.7,21.8,36.8,20.7,24.7,12,42.7,56.6,24.7,47.7,27.8,23.2,37.2,41.3,44.7,51.2,23.7,25.7,22.7,60.9,64.3,56.9,26.3,49.6,49.2,56.9,18.2,41.1,38.4,31.4,18.7,26,28.6,27.2,61.6,44.3,21.3,25.3,14.9,59.2,41,35.9,31.6,31.1,25.8,16.9,36.7,19.2,31.7,19.7,28.6,28.2,10.2,26.5,31.2,66.2,73.6,57.1,16.2,29,28.9,26.2,31.3,49.1,46.4,42.1,46.1,32.9,61.7,28.9,43.3,40.9,28.3,28.4,23.2,19.5,37,46.4,45.4,32.2,33.6,14.2,40,42.8,49.3,22.7,39.9,64.1,48,32.4,20.3,26.7,36.6,28.2,50.7,18.8,51.3,44.6,22.6,37,20,13,50.3,28.6,31,27.5,59.8,34.2,29,75.2,35,41.2,23.9,26.4,42.6
5,32.4,26.6,38.8,57.9,39,33,33.5,30.5,43.5,26.2,28.9,34.2,45.2,13.9,14.6,35.5,29.9,20.1,35.9,74,55,14,23.1,26.3,55.7,45.3,34.5,52.8,24.2,21.5,52.8,37.7,31.3,37.5,37.6,55.4,47.7,43.3,34.5,31.4,9.1,26,18.4,38.1,32.1,14.4,24.2,22.3,52.5,43,52.2,42.5,48.3,24.8,31.3,42.5,36,46.5,43.2,39.4,29.4,25.4,24.1,34.5,37.5,33.5,35.1,46,53.6,18.2,20.9,44.4,21.1,40.9,27.4,60.4,16.9,40.1,32.3,45.6,14.1,96.7,31.9,27.8,37.2,14.9,37.6,47.4,55.4,20.8,25.9,32.8,53.2,22.2,18.7,33.3,15,45.1,46.8,20.8,47.2,37.4,36.5,34.7,71.1,64.9,32.2,24.2,27.1,31.8,29.6,43.7,14,41.1,43.3,34.1,39.3,41.9,48.7,17,39.8,25.6,19.4,37.7,38.7,25,26.7,31.7,32.9,32.3,27.3,38.5,54.5,54.4,34.5,25.7,34.5,32.5,38.1,41.6,14.5,31.8,13.2,10,48.7,47.1,42.9,53,41.7,30.1,37,19.9,56.5,35.9,37,45.6,40.8,48.1,36.3,70.6,15.5,43.4,52.7,62.8,33.8,15.8,48.1,25.6,26.6,19.6,47.8,31.7,14.2,71.9,70.1,31.1,20.7,26.3,33.5,20.1,40.8,30.8,80.4,34.4,29.3,50.7,21.8,36.8,20.7,24.7,12,42.7,56.6,24.7,47.7,27.8,23.2,37.2,41.3,44.7,51.2,23.7,25.7,22.7,60.9,64.3,56.9,26.3,49.6,49.2,56.9,18.2,41.1,38.4,31.4,18.7,26,28.6,27.2,61.6,44.3,21.3,25.3,14.9,59.2,41,35.9,31.6,31.1,25.8,16.9,36.7,19.2,31.7,19.7,28.6,28.2,10.2,26.5,31.2,66.2,73.6,57.1,16.2,29,28.9,26.2,31.3,49.1,46.4,42.1,46.1,32.9,61.7,28.9,43.3,40.9,28.3,28.4,23.2,19.5,37,46.4,45.4,32.2,33.6,14.2,40,42.8,49.3,22.7,39.9,64.1,48,32.4,20.3,26.7,36.6,28.2,50.7,18.8,51.3,44.6,22.6,37,20,13,50.3,28.6,31,27.5,59.8,34.2,29,75.2,35,41.2,23.9,26.4,42.6
5,26.4,38.1,43.1,56.2,38.6,40,30.1,19.9,38.4,19.8,40,29.8,34.7,16,16.1,24.3,34.6,21.7,34.6,45.2,28.2,11.9,26.3,21.5,56.8,42.6,38.9,40.4,32.7,25.7,44.7,30.5,18.2,37.6,47.4,38.6,33.9,52.3,35.1,16.5,11.7,31.6,19.6,21.7,28.1,40.4,20.9,23.3,46.8,38.8,40.6,24.8,48.7,31.5,25.9,26.7,31,51.2,36.2,29.1,30.1,19.6,31,34.8,30.4,21.2,31,41.7,28.2,7.8,16.7,40.6,23,34.1,29.8,45,16,36,16.9,55.3,14.9,77.7,38.5,22.6,56.2,25.3,15.7,46.2,47.3,13.5,31.4,35.2,41,24.6,27.6,46.2,20.6,29.4,37.6,24.1,32.3,29.6,42.4,21.6,58.1,51.1,26.6,24,24.5,30.1,29.4,37.8,13.3,46.8,28.1,29.9,36,34.5,44,21.4,33.4,34.2,27.3,40,33,22.5,30.7,26.7,39.9,34.6,19.1,30.4,44.9,28,42.8,26.3,33.6,35.6,35.1,28.4,18.2,24.2,18.5,17.3,48,30.3,50.5,46.4,26.6,24.3,28.2,19.6,40.3,26.4,23.4,25.9,24.6,49.2,44.3,52.5,10.7,51,52.8,50.5,35,16.9,40.5,23.2,35.2,8.3,39.3,28.2,14.4,58.8,54.6,26.5,23.5,39.8,14.8,14.3,37.8,34.9,57.1,30.5,23,30.6,28.6,25.2,25.7,24.8,11.4,26,35.2,18.5,49.6,20.6,15.7,40.1,39.1,29.2,42.2,26.2,14.7,23.7,55.2,71.9,51.1,26.6,36.5,54.6,46.2,23.3,34.3,34.9,27.5,29.8,18.2,23.9,19.2,41.2,27.5,17.3,18.5,13.2,60.2,42.4,22.6,23.9,25.2,17.7,23.8,31.1,17.2,11.5,27.6,33,37.6,24.5,22.5,20.1,72.2,56.1,47.3,16.1,36.7,24.3,20.6,16.6,35,34.1,36.7,46.2,45.3,38.7,29,32.6,30.8,21.7,38.2,38.2,17.3,35.8,40.9,37.9,28.7,43.4,21.7,39,28.8,43.4,23.8,18.4,51,38.7,22.9,17.3,30.4,34.1,18.1,40.8,13.3,52,42.4,27,29.1,26.5,16.3,41.3,30.2,36,31.8,55.5,37.3,35.8,46,25.8,35.5,14.1,20.2,35.5
5,22.4,40.8,28.1,48.2,39,39.1,31.4,35.8,46.3,19.5,31.6,23.8,69.9,14.6,20.5,35.2,18.5,26.2,30.7,63.6,44.9,7.6,37.8,12.9,41.4,47.2,36.5,54.4,33.1,17.4,54.1,50.6,36.8,31.6,27.5,33.4,58.1,35,36.2,35,18.1,37.5,37.2,32.6,25.4,23.3,22.8,23.1,53.9,55.5,42.6,44.4,39,21.4,30.2,49.6,23.4,45.5,51.1,36.6,27.8,29.9,33.9,32.7,31,30.2,30,47.5,34,19.8,16.7,34.5,38.8,38.1,29,56,16,34.3,18,46.1,19.1,73.2,27.2,31.1,41.3,19.3,17.6,49.1,45.2,25.8,33.9,19.9,32.8,30.8,16.5,36.3,20.3,32.4,27.1,38.1,23.5,39,46.6,29.5,75.3,38.9,30.9,27.9,40.6,28.2,36.8,47.5,16,50.4,58.2,35.5,57.1,41.5,41.1,20.4,47,42.6,26.4,35,36.7,21.7,31.1,26.3,29.8,39.3,17.9,40.1,60.9,44.3,42.6,33.1,49.6,44.3,27.1,30.9,19.3,30.2,23.8,15,36.5,46,37,47.9,35.9,25.4,34.7,16.4,39.5,33.4,31.1,40.1,52.8,43.3,50,78.4,8.8,55.9,45.5,57.3,24.2,14.7,43.8,41.3,31,18.5,64.4,22.8,16.8,68.3,61.1,25.2,23.7,44.3,39,11.4,37.7,34,68.9,30.4,28.6,33.6,28.6,25.8,34.8,33.3,12.2,37.1,46.9,17.8,36,30,24.4,41.6,36.9,32.3,52.2,15.2,17.1,23.3,64.3,51.4,41.8,33.9,38.5,45.5,53.4,27.4,53,48.6,34.9,22.4,26.8,40.6,18,59.5,28.2,22.9,23.8,18,64.6,47.8,27.4,31.7,41.8,24.6,23.8,41,13.7,16.4,12.9,34.4,37.6,13.8,43.9,22.5,59.4,64.8,65.8,18.3,37.4,27.1,32,21.1,61.3,37.6,40.6,40.7,34.5,37.1,40.8,53.4,37.8,29.1,39.1,31.2,26.2,50.6,48.9,22.6,22.2,38.1,19.6,53.7,34.2,37,21,35.3,54.1,37.3,13.7,32.4,23.8,26.6,32.9,41.6,22,41,39.4,18.1,41,26.1,19.4,61,33.1,32.4,27,48.6,48.8,20.1,55.2,21.2,45.7,11.9,17.5,34.6
5,21.7,42.7,31.4,52.6,35.4,36,32.1,26.2,35.4,18,33.2,30,36.9,17.3,14.7,25.7,33.3,19.5,31.7,50.9,23,10.3,24.9,18.8,48.7,41,36.6,41.7,30.2,23.1,44,34.6,18.3,35.7,40.2,37.8,30.8,51.6,37.9,18.3,10.7,27,18.7,20.7,23.9,36.6,19.1,17.9,38.9,41.8,41.8,21.9,43.4,28.2,25.8,22.9,27.6,43.6,36.4,32.9,29.7,16.6,26.8,33.6,29,20.1,29.3,42.7,27.9,9.1,14.8,39.5,24.1,30.6,29.4,44,16.1,33.3,16.7,49.5,12.9,71.6,31.4,22.4,51.4,23,13.7,44.7,42.9,13.9,32.3,29.2,40.4,23.3,23,45.3,18.6,29.7,35.4,26.4,28.1,27.9,38.3,21.3,59,48.1,29.4,23.1,23.6,29.6,26.9,35.5,11,45.1,30.4,29.9,35.6,37.2,36.6,23.7,28.3,35,25.4,37.8,37,18.7,28.1,22.3,34,35.1,16.1,33,47.1,29,42.3,26.7,30.1,37,30.3,27.9,12.9,23.2,18.5,16.8,45.9,31.5,45.6,39.5,27.3,30.1,26.6,20.2,39.9,28.4,23.8,29.6,25.5,43.7,50.8,55.5,10,46,48.4,47.4,32.2,18.8,41.6,21.4,29.8,12.5,42.9,28.2,12.7,58.6,55.7,25.1,21.4,38,17.4,13.8,41.4,30,54,27.2,18.4,32.4,29.7,28,28.1,21.3,9.8,23.5,36.5,12.4,44.1,26.8,13.7,37.3,35.5,32.4,38.9,22.1,17.7,24,48.1,61.2,50.5,23.8,31.6,50.3,39.7,21.4,31.8,42.5,26.7,25.3,17,24.5,17.3,48.5,23,17.6,13.1,11.3,57.2,43.3,22.5,23,24.5,21.7,24.3,30.7,13.3,9.6,23.9,34.5,31.4,20.4,19.5,16.1,68.3,54.4,45.2,16.2,34.1,25.6,21.5,12.6,42.1,29.8,32,50.3,36.5,39.9,26.8,31,26.9,18.2,31.2,30.2,19.1,31.8,43.7,31.4,23,44.4,21.8,37.8,29.3,40.7,21.3,18,51.7,41.9,16.6,18.1,27.1,27.7,15.6,39.9,13.4,48.1,42.8,28,29.4,22.9,14,43.4,25.8,31.8,25.8,53.4,38,27,49.1,21.2,35,11.8,21.3,34.3
5,21.8,46,28.5,50.4,33.7,35.8,35.6,32.4,39.3,22.1,27.4,31.2,62.5,20.5,21.8,27.9,18,22.6,31,57.3,41.3,11.3,38.5,14.4,38.7,46.8,40.2,48.5,31.3,15.2,53.4,43.5,32.1,30.7,27.4,35.7,56.4,39.7,34.9,31.6,20,36.5,33.3,29.7,32.1,27.7,15.5,21.9,45.7,47.8,35.9,38.4,37.2,20.5,27.2,40.8,22.9,45.8,47.3,32.8,31.2,25.3,33,36.1,30.6,30.8,32.8,42.4,34.2,17.2,15.1,33.9,40.3,35.2,31.2,53.2,12.9,31.5,12.2,39.3,16.6,85.9,27.8,26.3,42.4,19.5,15,45.6,40.6,25.2,31.6,23.7,30.2,24.2,18.1,38.2,19.4,26.5,25.9,41.6,22.7,30.8,45,25.9,70.4,45,38.1,25,33.4,31.2,32.9,42.3,16.2,47.1,52.7,32.3,53.5,46.8,40.3,19.2,44.8,39.7,26.1,40.2,38.9,20.4,34.1,23.9,28.7,37,17.1,36.5,59,42.6,41.9,36.7,41.4,41.7,25.8,34.9,19.5,28.3,20.8,15.4,35.6,37.4,38.1,48.6,31.7,26,33.8,18.6,38.2,35,28.1,37.7,46.8,44.4,50.7,72.5,7.3,52.3,47.1,59.7,26.2,14.5,44.5,36.1,36.9,21.3,59.6,27,12.9,64.3,56.3,22.3,21.4,45.8,32.2,13.3,38.6,32.7,55.6,28.8,21.8,35.2,25.4,25.2,40.3,32.5,9.7,30.1,49.9,15.6,35.7,32,17.4,40.2,31.5,32.8,39.1,16.3,16.8,21.3,64.4,47.7,41.2,28.8,35.2,50.4,49,26.1,49.9,50.7,30.3,26.2,23.8,31,14.7,60.3,29.9,19.1,15.6,14.6,65.3,46,22.2,28.7,35.9,21.6,22.1,33.7,9.8,14.8,14.4,36.5,37.7,13.9,35.5,20.9,54.5,58.7,66.8,14,38,27.4,23.9,15.3,57.7,36,41.3,47.4,37.6,35.4,41.1,50.9,34.3,21.4,36.5,31.5,24,51.1,47.2,27.5,18,41.7,24.6,53.4,28,39,21.3,32,53.4,33.6,9.3,26.6,28.8,26.7,27.8,41.9,16.1,44.6,45.1,18.5,38.8,31.6,12.9,60.4,30.9,29.8,25.7,51.2,41.1,23.4,54.2,18,48,12.7,15.5,34.5
5,18.9,38.8,26.8,45.3,32.6,35.6,29.1,30.2,40.6,17,26.4,23.6,61.5,15,24.6,28.9,17,20.8,26.5,53.5,35.1,8.4,31.6,13.3,37.4,44.2,38.6,50,30.7,16,47.7,43.6,25.9,26.7,25.7,27.7,52.9,34.6,37.7,34.3,19.6,37.2,29.7,26.9,26.6,25.1,19.1,17.7,48.8,45.9,34.2,35.2,34.9,16.2,26.6,45.1,21.2,40.9,49.7,34.8,24.7,24.7,30.2,31.4,27.5,28.8,27.4,45.7,30.4,14.5,16.7,32.3,35.9,33.4,32.4,50.1,16.2,29.2,11.7,34.9,13.8,68.5,21.8,21.2,40,20.7,15.9,48,37.8,22.8,31.5,19.5,27.2,30.3,16.2,34,17.3,26.5,25.3,35.3,20.6,34.6,43.9,24.1,70,39.1,27.5,27,30.5,25.6,33.1,40.8,13,40.7,47.7,34.3,46.5,40.5,35.9,18.5,45,40.4,24.1,31.2,35.8,18,27.2,23.4,27.7,34.4,15.1,36.9,54.3,40.4,37.7,26.8,36.8,38.1,26.4,25,16.2,26.2,20.9,13.4,32.6,40,35.2,42.6,31.5,23.8,31.7,17,34.2,32.8,24.7,35.8,42.3,39.5,44,65.6,10.2,49.6,41.8,52.9,26.1,13.4,41.6,32.1,32.6,15.7,54,23.3,15.2,67.8,53.6,19.4,20.7,47.3,34.9,10.7,37.3,33,59.1,22.2,22.3,33.8,23.6,27.4,37.3,32.6,10.2,32.8,42.1,15.7,28.6,27.6,17.7,43.7,31.5,32.6,43.5,12.6,17,22,54.7,47,37.7,24.7,33.4,47.5,46,22.2,45.8,48.4,30.4,21.8,26.4,29.5,17.8,57.8,26.7,15.7,16.1,17.2,57,45.3,22.4,27.8,33.4,24.1,18.7,36.5,10.8,13.3,12.5,30.1,34.4,15.7,32.7,22,56.1,60.5,59.8,16.2,32.6,23.3,26.9,17.6,55.2,34.7,37.4,40.3,34.8,38.7,32.1,50.5,32.4,21.4,33,27.9,21.8,46.1,41.5,23.8,15.8,31.7,22,53.1,23.9,36.8,21.4,26.6,45.6,30.8,10.2,27.2,28.3,23,25.5,34.5,16.5,35.6,37,19.1,35,26.7,15.5,54.3,30.4,29.6,21.4,46.5,37.7,20.4,47.6,21,39.3,12.4,16.2,34
5,18.9,38.8,26.8,45.3,32.6,35.6,29.1,30.2,40.6,17,26.4,23.6,61.5,15,24.6,28.9,17,20.8,26.5,53.5,35.1,8.4,31.6,13.3,37.4,44.2,38.6,50,30.7,16,47.7,43.6,25.9,26.7,25.7,27.7,52.9,34.6,37.7,34.3,19.6,37.2,29.7,26.9,26.6,25.1,19.1,17.7,48.8,45.9,34.2,35.2,34.9,16.2,26.6,45.1,21.2,40.9,49.7,34.8,24.7,24.7,30.2,31.4,27.5,28.8,27.4,45.7,30.4,14.5,16.7,32.3,35.9,33.4,32.4,50.1,16.2,29.2,11.7,34.9,13.8,68.5,21.8,21.2,40,20.7,15.9,48,37.8,22.8,31.5,19.5,27.2,30.3,16.2,34,17.3,26.5,25.3,35.3,20.6,34.6,43.9,24.1,70,39.1,27.5,27,30.5,25.6,33.1,40.8,13,40.7,47.7,34.3,46.5,40.5,35.9,18.5,45,40.4,24.1,31.2,35.8,18,27.2,23.4,27.7,34.4,15.1,36.9,54.3,40.4,37.7,26.8,36.8,38.1,26.4,25,16.2,26.2,20.9,13.4,32.6,40,35.2,42.6,31.5,23.8,31.7,17,34.2,32.8,24.7,35.8,42.3,39.5,44,65.6,10.2,49.6,41.8,52.9,26.1,13.4,41.6,32.1,32.6,15.7,54,23.3,15.2,67.8,53.6,19.4,20.7,47.3,34.9,10.7,37.3,33,59.1,22.2,22.3,33.8,23.6,27.4,37.3,32.6,10.2,32.8,42.1,15.7,28.6,27.6,17.7,43.7,31.5,32.6,43.5,12.6,17,22,54.7,47,37.7,24.7,33.4,47.5,46,22.2,45.8,48.4,30.4,21.8,26.4,29.5,17.8,57.8,26.7,15.7,16.1,17.2,57,45.3,22.4,27.8,33.4,24.1,18.7,36.5,10.8,13.3,12.5,30.1,34.4,15.7,32.7,22,56.1,60.5,59.8,16.2,32.6,23.3,26.9,17.6,55.2,34.7,37.4,40.3,34.8,38.7,32.1,50.5,32.4,21.4,33,27.9,21.8,46.1,41.5,23.8,15.8,31.7,22,53.1,23.9,36.8,21.4,26.6,45.6,30.8,10.2,27.2,28.3,23,25.5,34.5,16.5,35.6,37,19.1,35,26.7,15.5,54.3,30.4,29.6,21.4,46.5,37.7,20.4,47.6,21,39.3,12.4,16.2,34
5,21.1,41,27.4,44.6,32.7,36.6,30.4,30.5,35,18.3,25.5,27.8,60.6,15.2,20.7,30.8,16,23.3,27.7,52.8,38.7,9.2,32.3,12.3,38.9,42.6,39.1,47.2,27.9,18.1,54.2,42.5,27.7,30.7,24.9,29.2,50.2,38.7,31.7,28.8,20.7,36.4,33,21.8,26.5,28.9,17.9,17.3,43.2,44.8,30.7,31.9,31.8,20.3,27,35.9,21.3,42.8,51.6,29,31.7,21.8,34.3,35.1,28,29.7,32.6,45,23.9,17.8,14,29.7,37.7,34.4,30.9,48.1,12.9,29.4,12.6,40.6,19.9,71,30,27.3,43.1,18.5,13.2,45.2,37.4,17.1,35.2,17.2,30.7,26.6,15.2,38,20.5,24.2,27.1,39.9,17.9,37.5,41.7,24.4,65.4,42.3,37.4,20.7,36.6,27.9,31.9,40.6,14.2,40.7,48.4,24.5,46.3,41.5,32.4,19.9,39.3,39.6,25,36.2,36.9,16.9,32,20.6,32.3,32.7,16.4,31.6,56.2,38.9,42.8,28,42.6,40,26.1,33.2,17.6,22.1,20.7,15.1,37,41.2,35.7,40.8,30.6,22.8,32.8,17.6,32.7,31.6,24.6,32.8,51.6,40.6,47.6,70.6,8.6,45.4,45.3,52.3,30.2,11.9,38.4,33.2,35.1,18.7,56.6,22.1,14.2,60.6,55.9,22.4,15.8,46.7,35.5,11.9,34.7,32.5,59.2,29.7,25.7,34.9,23.2,22.8,33.7,34.7,11.7,27.7,44.5,16.1,31.5,27.2,18.9,41.4,27.8,32,43,11.4,14.4,19.9,62.6,48.9,37.1,26.3,32.7,47.7,46.9,27.2,49.8,43.4,31.6,23.1,28.6,33.6,13.3,70,23.7,14.9,15.4,12.8,64.9,43.4,18.2,24.8,35.4,22.1,23.2,35.8,9.8,11.3,10.6,34.2,33.2,13.8,34.8,19.4,47.7,56.6,64,13.7,34.2,24,24.8,13.5,51,36.8,37,43.2,31.9,35.9,35.9,48.4,28.8,17.4,33,34,18.6,45.1,44.4,26.3,14.8,36.8,20,49.6,28.2,34,19.9,28.4,45.5,33,11.7,31.5,30.1,23,23.8,38.2,14.7,38,44.5,20.4,35.1,28.8,13.3,54.9,28.4,29.2,18.2,45.9,34.6,21.4,47,19.1,43.9,11.1,13.7,27.6
5,16.5,43.2,30.1,50.3,35.9,37,35.8,24.6,37.1,17.2,34.4,31.2,55,16.1,18.4,26.3,25.3,18.7,31.2,55.8,28.2,9.7,33.1,16,41.4,42,36.3,51,31.1,17.9,53.6,42.8,16.1,35.9,30.4,32.2,47.1,39.6,30.9,30.8,19.4,36.2,27.2,26.7,28.6,28.8,15.7,18.9,46,49.3,37.5,33.1,39.2,19.2,25,30.5,22,46.9,44.4,33.9,31,18.6,35.8,35,32.7,23.6,34.5,40.6,29.9,14.8,16.3,28.6,26.9,33.2,36.1,50.8,12.1,31.3,10.3,41.4,9.6,71.3,22.5,20.8,48,19.3,10.2,43.4,39,24.8,31.8,18.9,29.2,26,22.6,42.1,21.2,29.2,28.3,34.1,22.4,24.3,41.4,17.7,67.5,44.5,37.9,27,23.6,28.8,26.1,29.4,19.1,42.2,42.8,32.8,50.6,37.3,40.1,24.1,37.1,36.1,21.1,41,34.3,17.3,28.7,18.3,25,34.9,14.1,34.9,51.9,41.4,39.4,33.6,35.1,35.7,22.4,31.7,15.8,28.5,16.9,20,38.7,30.4,47.9,44.8,28.5,26.9,27.9,17,29.1,36.2,27.4,34.2,31.6,49.5,58.2,65.1,8.2,50,48.8,54.3,29.2,16.9,49,25.3,37.8,14.3,55.1,22.2,13.1,70.8,50.7,23.7,22.3,44,20,12.5,33.4,27,54.1,23.2,16.5,27.6,28.5,26.4,41.5,32,9.4,29.4,46.7,15,32.1,31.2,15.5,38.5,33.5,30.7,36.4,19.3,18.6,22.2,58.4,59.1,46.2,31.6,32.5,49.3,44.1,25.9,44.4,48.9,26,32.3,21.1,28,17.4,49.9,25.3,14.4,12.8,15.4,70.6,49.8,19.8,20.4,36.1,20.8,16.3,30.5,10.5,11.5,14.9,30,33,21,27.3,20.9,57.1,57.7,62.6,15.1,35.4,21.5,19.9,15.9,59.2,27,37,44.3,42.8,34.5,31.5,43.8,28.6,15.3,29.8,28.2,22.9,43.2,38,28.6,13.3,43,25.7,48.8,21.9,38,21.7,25.2,49.2,35.5,14,19.2,28.3,24.3,24.3,48.7,13.7,44.1,40.3,18.8,29.3,22.7,18.1,50.2,30.6,31.2,23.1,43.9,37.6,22.9,53.4,14.1,41.2,12.4,21.6,31.7
5,22.6,40.2,37.3,60.4,35.5,30.1,30.3,19.8,39,16,33.9,25.5,35.2,15.2,12.6,25.8,33.5,16.8,34.1,42.9,21.9,9,24,15.3,50.3,42.3,32.4,36.5,32.4,21.7,43.5,34.4,13.3,37,41.9,32.2,32.4,49.2,31.6,18.1,12,29.6,20.3,17.2,22.3,32.6,18.9,18.3,39.2,40.1,39.5,21.1,41.3,27,21.3,19.7,29.4,50.3,37.7,31.2,31.6,12.6,29.8,29.9,29.3,16.8,32.4,37,23.1,9.4,17.9,32.4,22.1,31.7,33,38.8,12.9,29.2,13.1,52.3,13.7,68.8,31.1,18,52.4,20.5,9.2,43.2,41.9,13.8,29.8,26.2,37.3,23.4,24.8,46.5,18.6,24.1,32.2,23.5,25.7,25.2,39.1,19.3,53.9,44.9,29.7,21.9,23.7,30,27.4,34.5,12.3,47.9,27.9,31.8,33.9,36.1,38.5,25.6,28.7,33.2,26.2,34.4,31.9,18,29.7,18.3,33.8,34.2,13.2,31.1,50,31.3,43.7,25.4,31.8,33.6,26.3,26.1,12.1,25.5,19.6,16.2,46,25.6,53,44.6,23.6,27.1,22.5,16.4,33.4,28.5,19.7,30.3,23.5,43.1,52,55.1,6.4,49.4,49.5,46.5,34.9,15.1,45.8,18.3,30.1,8.9,45.8,25.3,12.2,59.6,48.8,23.2,20.2,38.9,12.4,12.6,36.4,31.3,46.8,27.5,16.1,28,30.9,24.3,28.2,24.2,9.7,22,30.7,12.9,40.3,26.3,12.7,37.7,35.9,30.3,34.3,21.8,13.6,22.6,51.9,62.9,41.8,23.9,31.8,46.9,36.5,22.5,36.8,39,24.4,30.5,14.8,22.2,12.6,45.4,20.5,12.9,12.7,11.1,59.1,40.1,20.1,18.6,24.4,19,17.3,24.5,11.8,7.7,26,34.7,29.3,25.4,23.8,11.5,66.1,44.2,44.9,17.2,33.8,20.1,17.4,10.2,39.7,26.5,31.7,46.1,44.3,34.1,30.1,28.7,26,15.9,33.1,32.1,18.8,34.6,35.5,30.7,17.6,50.3,21.9,35.3,29.8,37.5,20,15.1,45.5,39.2,15.5,17.9,28.4,25.4,17.4,42.2,12.4,48.7,42.3,26.9,27.8,23.3,15,40.7,28.6,29.7,24.4,47.6,40.5,31.3,45.1,24.3,34.4,11.4,18.5,28.4
5,24.6,34.2,30.2,42.4,32.3,38.8,23.3,37.9,44.8,17.5,27.5,21.1,70.3,12,21.1,33.3,17.9,21.2,27.9,59.2,49.5,10.7,34.1,11.9,34.7,43.7,43.4,49.5,28.7,15.2,47,41.2,37.2,25.3,21.6,32.6,67.5,31.4,29.3,41.3,22.5,31.5,33.2,34.8,23.8,21,18.8,21.6,52,43.5,32.5,44.9,34.9,17.4,28.9,46,24.9,42.4,52.7,29,30.4,31.7,27.5,36,29.3,33.3,32.6,44.4,39.7,23,14.1,31.3,38.5,40.3,28.2,63.8,12.7,37.3,18.7,38.4,21,72.5,22.7,28.8,32.3,19.2,20.2,40.3,38.9,28.4,28,15.8,34.1,20.9,12.7,30.9,15.3,35.3,29,32.6,24.4,37.2,36.7,31.5,72.5,41.3,29.5,25.7,37.7,21.6,31.3,52.5,14.1,45.9,62.2,32.2,49.4,42,39.3,16,50.2,36.7,25.3,31.9,38.1,20.1,34.8,30.3,25.3,39.3,19.3,45,59.8,41.2,30.9,34.2,51,38.1,31.5,32.8,21,28.5,22.5,15.6,34.5,44.6,36.2,48.9,38.4,17.8,33.7,14.3,34.3,22.4,27.8,37.1,60.4,37.4,40.9,72.7,13.3,51,36.2,43.3,20.2,9.5,40.9,35.1,31.3,21,60.3,20.9,17.1,77.5,50.3,27.8,20.5,33.9,41.8,14,38.7,38.3,63.9,24,27.2,35.7,24.1,25.2,30.5,34.4,13.6,46.5,47.2,18.9,31.4,25.1,25.7,39.8,34.1,30.5,51.9,9.5,16,25.2,64.3,47.7,43.3,34,37.8,43.7,56.9,25.3,54.2,41.9,33.4,20.2,35,37.2,19.5,58.2,31.3,20.3,26.8,20,52.3,42.3,29.5,32.3,39.1,27.3,23.7,37.5,17.1,21.4,9.6,29.4,35.8,10.5,38.9,28,43.9,68.2,60.5,17.2,31.2,23.3,35.3,21.3,54.7,43.1,41.6,45.7,29.3,47.4,38.3,57.1,38.1,26.9,34.5,22.2,22.6,41.9,49.5,26.5,21.2,33.2,20,47.9,33.3,34.1,20.4,37.6,51.2,30.2,18.7,31.2,24.7,25.9,38.2,38,21.9,39.3,30.6,18,42.9,19.8,14.3,54.8,35.4,31,21.1,37.4,41.8,18.7,53.5,25.2,43,14.9,19.9,29.5
5,22.3,33.5,31.5,44.5,37.5,40,25.6,39.2,43.3,20.2,28.6,20.6,66.6,12.1,16.2,34.1,15.6,22.3,26.4,61.2,49.1,7.8,32.6,13.3,33.1,42.4,34.7,52.6,25.9,16.1,43.3,43.5,35,25.4,19.6,33.1,61.7,29.1,28.9,39.9,20,30.2,28.8,39.1,24.8,18,19.2,23.1,49.1,43.4,30.1,49.4,33,19,28.1,49,28.3,45.1,55.6,32.2,26.4,31.2,32.5,38.5,30.9,34.8,32.4,45.3,40.4,22,13.5,29.2,31.5,37.5,25.3,63.3,12.2,37.4,19.1,38.2,18.9,71.3,21.7,31.2,30.4,21.1,23.5,40.1,41.6,28.3,31.7,14.3,37.3,23.1,13.3,31,17.4,34.6,26.2,30.6,28.2,42.4,39.3,31.6,66.7,39.9,30.6,24.3,35.5,22.1,32,53.2,15.3,43.4,58.6,29.6,45.7,39.4,40.5,15.4,50.4,40.2,21.6,26.2,34.9,20.6,33.5,29.3,26.7,38.6,21.6,42.6,53.4,39.7,34.4,35.2,49.9,37.4,27.4,33.5,19.4,28,21.4,13.6,31.6,47,36.4,40.1,38.3,18.4,40.5,18.2,34.1,23.9,26.6,32,57.1,38.2,38.2,73.2,13.2,48.5,37.4,46.5,25.4,11.8,36.9,30.7,30.7,22.6,54.8,19,19.6,70,50.5,25.5,22.6,33.4,41.2,14,33.5,38.2,64.6,25.5,28.6,37.8,24.5,23,30.1,41.4,13.6,41.7,46,20.8,29.6,25.9,26.5,37.8,33.8,29,48.5,10.8,18.5,23.2,67,46.5,42.6,31.5,36.1,46.4,57.5,24.4,53.8,46.2,33.9,16.7,35.4,39.9,17.6,58.2,26.8,21.5,26.8,18.7,55.4,43.7,31.3,39.8,41,24.2,22.8,39.1,15.9,22.1,10.5,28.2,35.5,10.7,41.3,28.2,44.3,67.3,63.9,17.7,28.4,25.2,35.7,19.1,61.8,40.2,42.4,38.8,29.2,46.2,33.5,58,39.7,26.2,28.8,23.1,23.3,44.1,47.8,26.8,17.7,28.3,22,50.6,33.1,31.3,19.4,37.8,53.2,31.6,20.3,28.8,24.1,22.7,39,42.3,18.9,38.8,31.9,19.6,41.9,20.8,14.6,47.6,32,27.4,25.3,44.2,35.4,19.4,50.2,24,44.2,17,17.1,37.4
5,20.8,41.4,27.3,46,35.3,35,30.1,33,41.2,20.1,27.5,23.8,66.8,14,22.4,32.3,19.7,25.8,33.5,58.7,41,10.8,34.8,11.2,38.4,45.2,41.1,50,29.1,18.9,52.3,43,32.6,31.4,27.4,31.8,55.2,38.8,37.8,32.9,22.1,37.7,34,29.2,28.6,22.9,21.5,20.3,45.3,50.1,36.9,36.8,39.2,18.9,27.2,42.9,23.5,43,51,28.8,28.7,26.8,34.7,37.8,30.2,30.8,32.6,47.1,28.7,16.7,16.9,35,40.2,35.3,31.3,48.4,13.3,34.9,17.8,43.4,18.9,77.7,26.8,29.3,39.6,21.1,16.6,49.7,43.3,21.9,32.3,18.6,31.9,27.7,18.9,35.6,19.9,29.5,30.9,39.1,24.3,37.9,43.8,22.4,76.7,42.4,32.8,26.5,40.9,27.4,35.5,41.6,14,46.9,53.6,32.1,53.4,43.1,41.2,20.1,41,40.5,28.2,34,37.4,18.2,31.4,26.2,28.5,36.1,17.7,35.5,62.9,39.8,40.1,30.8,41.9,39.9,28,32.9,22.3,25.7,23.1,16.2,38,43.1,36.4,45.9,31.4,25.4,34,19.5,37.6,33,30.8,37,50.1,40.3,49.5,70.8,10.9,52.9,44.1,58.5,28.9,13.1,46.8,36.2,34.8,17.6,60.4,29.5,13.4,66.8,58.1,24.1,17.7,47.8,37.6,12.9,38.5,34.2,59.3,26.8,27.2,37.3,27.4,24.5,35.8,30.8,11.9,34.5,47.6,17.7,36.5,28.3,22.1,47.7,32.6,31.4,49.9,13.5,16,21.8,65.1,46.8,40.6,26.9,38.2,49.3,46.6,28.4,54.7,48.9,35.1,22,25.3,39.5,13.7,64.5,26.3,18.1,18.7,17.7,65.4,48.1,23.6,31.9,37.4,26.4,22,40.8,13.9,12.3,15.7,34.8,35.4,13.1,33.7,23.9,51.8,63,63.8,17.3,36.9,31,25.8,15.3,54.9,37.4,38.4,48.1,37.2,38.1,37.6,50.5,34.4,21.6,34.3,30.7,26.3,44.9,43.8,28.6,17.1,36.5,22.4,51.9,27.6,37.4,20.6,30.8,50,33,14.1,30.9,28.7,22.6,28.1,40.3,18.7,43.4,42.2,21.4,37.1,29.5,14.7,56.4,34,32,21.4,50.4,42.6,19.9,54.4,19.4,44.1,10.6,14.2,31.5
5,23.2,45.4,37.1,58.4,38.3,38.8,34.6,24,41.9,20,37,28.6,42,18,15.4,31,27.3,23.3,32.8,56.7,31,9.8,32.8,19.6,50.1,41.9,36.5,44.1,33.2,18.9,52.9,40.5,18.4,41.6,39.9,41.7,39.6,52.6,38.7,21.5,15.1,30.9,22.6,25.3,27.1,35.8,19.2,22.1,41.8,48.7,50.1,29.9,47,26.5,27.4,27.4,28.2,47.5,42.8,34.4,32,17.8,29.8,35.9,32.2,23.8,33.4,43.3,31.5,14.3,19.5,36.3,29.1,27.2,31,47.1,14.1,35,19.4,47.3,13,78.5,32,22.7,52.2,22.6,13.6,48.1,44,15.8,31.4,23.6,36.9,28.9,31.3,46.2,19.6,29.4,34.8,34,30.3,30.5,38.4,24.3,65.3,54.3,32.6,26.8,26.5,30.9,30.5,35.3,14.1,51.9,37.3,32.7,41.1,42,44.7,24.2,40.7,36,25.6,44,44.2,20.2,25.2,22.6,34.7,38.5,17.2,36.3,52.7,35.4,43.7,29.9,35.6,39.7,28.8,33,16.1,26.8,21,16.6,47.5,28.7,46.7,50,31.1,30.7,29,21.2,41.7,31.6,28.9,34.1,28.6,50.8,57.5,64,8.9,50.2,54.1,60,31.9,14.3,45.9,24.7,36.1,12.8,45.8,30.5,13.1,67.1,57.3,25.9,20.5,43.2,21.5,14.1,37.9,29.9,59.5,27.7,21.9,35.4,29.7,26.6,38.4,27.5,9.4,26.3,40.4,16.6,42.4,26.4,16.2,41.2,40.4,32.3,40.4,20.3,19.7,22.4,57.4,61.1,46.5,26,36.4,49.1,48.1,23.5,40.5,47.3,29.7,33.5,20.8,28.5,18.3,49.6,22.1,14.8,16.8,12.2,61.8,43.8,24.9,25.2,26.9,21.8,19.3,33.5,12.6,11.7,21.3,33.3,30.6,21.7,25.9,16.6,73.4,57.3,50.7,17.8,35.8,27.4,19.1,14.3,47.4,35.5,37,47.1,39.2,39.5,32.8,41.1,29.5,19.8,33.9,36.1,18.8,38.2,41.1,34.3,22.2,47.4,20.9,40.4,31.8,43.7,20.4,21.8,58.1,44.6,15.7,21,35.1,28.5,18.2,45.9,14.3,50.7,47.8,23.9,29.5,26.2,15.3,48.7,27.9,30.6,20.5,50.8,41.4,29.4,58.6,26.5,40.8,13.9,22.4,32.5
5,23.2,45.4,37.1,58.4,38.3,38.8,34.6,24,41.9,20,37,28.6,42,18,15.4,31,27.3,23.3,32.8,56.7,31,9.8,32.8,19.6,50.1,41.9,36.5,44.1,33.2,18.9,52.9,40.5,18.4,41.6,39.9,41.7,39.6,52.6,38.7,21.5,15.1,30.9,22.6,25.3,27.1,35.8,19.2,22.1,41.8,48.7,50.1,29.9,47,26.5,27.4,27.4,28.2,47.5,42.8,34.4,32,17.8,29.8,35.9,32.2,23.8,33.4,43.3,31.5,14.3,19.5,36.3,29.1,27.2,31,47.1,14.1,35,19.4,47.3,13,78.5,32,22.7,52.2,22.6,13.6,48.1,44,15.8,31.4,23.6,36.9,28.9,31.3,46.2,19.6,29.4,34.8,34,30.3,30.5,38.4,24.3,65.3,54.3,32.6,26.8,26.5,30.9,30.5,35.3,14.1,51.9,37.3,32.7,41.1,42,44.7,24.2,40.7,36,25.6,44,44.2,20.2,25.2,22.6,34.7,38.5,17.2,36.3,52.7,35.4,43.7,29.9,35.6,39.7,28.8,33,16.1,26.8,21,16.6,47.5,28.7,46.7,50,31.1,30.7,29,21.2,41.7,31.6,28.9,34.1,28.6,50.8,57.5,64,8.9,50.2,54.1,60,31.9,14.3,45.9,24.7,36.1,12.8,45.8,30.5,13.1,67.1,57.3,25.9,20.5,43.2,21.5,14.1,37.9,29.9,59.5,27.7,21.9,35.4,29.7,26.6,38.4,27.5,9.4,26.3,40.4,16.6,42.4,26.4,16.2,41.2,40.4,32.3,40.4,20.3,19.7,22.4,57.4,61.1,46.5,26,36.4,49.1,48.1,23.5,40.5,47.3,29.7,33.5,20.8,28.5,18.3,49.6,22.1,14.8,16.8,12.2,61.8,43.8,24.9,25.2,26.9,21.8,19.3,33.5,12.6,11.7,21.3,33.3,30.6,21.7,25.9,16.6,73.4,57.3,50.7,17.8,35.8,27.4,19.1,14.3,47.4,35.5,37,47.1,39.2,39.5,32.8,41.1,29.5,19.8,33.9,36.1,18.8,38.2,41.1,34.3,22.2,47.4,20.9,40.4,31.8,43.7,20.4,21.8,58.1,44.6,15.7,21,35.1,28.5,18.2,45.9,14.3,50.7,47.8,23.9,29.5,26.2,15.3,48.7,27.9,30.6,20.5,50.8,41.4,29.4,58.6,26.5,40.8,13.9,22.4,32.5
5,22.4,39.2,29.6,49.4,35.7,36.2,27.5,39.3,46.5,16.4,28.4,21.4,67.7,13.5,20.2,34.3,19.8,21.2,33.1,59.6,44.5,9.3,39.8,13.6,36.8,48.6,39.1,54.7,26.3,15.4,44.6,46.6,37.2,28.2,24.6,31.5,57.5,31.6,29.7,41.8,16.7,33,35.4,35.5,26.5,20.3,21.4,23.3,50.2,50.5,35.4,51.9,37.7,18,27,46.5,27.6,48.5,56.8,34.2,24.2,32.4,30.2,35.1,29.9,34.1,31.5,48.2,37.5,21.1,16.7,31.1,42.1,40.3,30.4,61.7,15,33.6,18.3,38.3,20.1,70.4,21.5,33,30.9,21.6,20.4,45.8,45.9,28.2,33,17.5,31.7,27.3,13.5,32.5,17.7,37.3,28.8,38.2,24.2,44.1,42.3,24.6,69.6,40.3,30.2,27.1,40,23.9,38.2,51.5,17.1,44.2,61.2,30.3,52,43.9,36.1,15.9,47,36.1,21.7,30.9,34.7,22.3,29.8,28.6,25.4,37.9,20,44.7,58,46.2,40.7,27.7,46.5,41.4,31.3,31.2,19.8,30.5,26,17,34.4,45.9,35.2,44.4,37.5,20.2,37,17.3,36.8,28.3,29.6,36.3,61.4,37.9,46.4,75.6,10.1,53.3,36.9,52.2,21.5,11.8,42.3,37.3,31.9,18.6,59.5,24.6,18.5,74.1,55.5,22.1,21.2,37.8,44.4,13.8,36,36.6,60.7,24.8,29.8,36.6,29.8,27.5,33.9,31.3,15.1,37.8,46.6,15.2,31.8,26,24.4,41.7,36.9,35.7,53.9,12.6,18.2,28.5,64.1,51.2,43.7,34.7,39.2,45.4,51.9,27.4,53.7,47,34.9,21.2,29.8,40.1,15.8,60.3,29.2,22,23.1,16.7,58,47.3,24.3,34.6,40.3,23.7,23.4,42.8,17.6,18.6,13.6,27.8,36.6,12.9,38.6,27.6,51.1,60.7,65.6,19,33.5,25,32.8,22.1,61.8,41.3,40.8,40.5,34.8,45.3,33.2,58.2,40.5,31.3,34.3,25.5,24.7,50.6,50.1,27,20,33,21.8,51.1,35.5,35.1,20.4,33.5,53.5,32.5,18,33.6,26.6,22.6,35.8,41.3,22.1,34.6,39,19.7,43.6,24.7,16.2,57,35.9,29.1,24.1,42.9,47.7,17.9,53.1,26,46,14.5,20.3,32.3
5,25.6,38,36.8,55.6,37.3,34.9,29.3,22.1,37.8,17.5,36.9,29.6,35.1,13.8,16.5,26.4,34.8,22.6,29.4,44.4,27.6,9.3,27.8,18.6,48.1,45.7,36.9,42.5,32.1,24.1,46.7,38.1,17,37.4,43,39.5,34.8,54.6,33.9,19,11.8,32.8,19.7,23.6,26.4,33.3,19.2,19.2,49.9,44.5,40.3,24.6,54.6,29,24,27.3,28.7,54.6,35.4,32.3,32.1,16.9,32.4,35.8,30.8,20,28.5,42.4,24.5,8.9,18.5,41.2,24.6,33.5,30.4,44.4,14.4,36.2,14.6,53.5,13.9,72.5,32.8,24.5,54.3,21.1,12.9,52.8,47.6,14,32.8,31.8,40.1,25,29.2,44.8,17.7,29.5,35.6,28.1,26.5,28.5,44.8,23.9,63.5,52.9,31.1,26.2,26.8,34.7,29.6,35.7,15.3,46.3,28.1,34.1,39.5,39.3,44.8,26.2,30.1,35.1,28.4,38.3,33.4,21.7,34.8,21.6,36.8,34.9,18,35.7,47.8,27,42.7,27.4,28.6,38.9,33.5,28.2,16.4,27,19.9,15,49.1,34.3,52.7,41.9,25.2,27.9,26.6,18.8,40.4,33.8,24.7,30,29.3,46,51.3,55.6,8.7,54.6,54,58.9,38.1,16.6,47.7,19.7,35.4,8.7,44.9,29.8,14,59.6,58.1,23.5,24.6,41.5,18.2,16.4,36.8,33.3,56.3,30,20.9,32.3,31.9,25.8,31.5,26.6,11.3,25.7,38.6,16.4,44.1,26.4,16.8,40.6,37,32.6,46.7,25.5,18.6,26,57.3,67.6,51,25.7,39.7,54.6,43,23,38.4,43.8,29,33.5,17.1,23.2,16.3,48.5,26.6,14.2,15.6,11.9,69.3,48.2,23.2,21.6,24.6,19.6,20.5,30.3,13.5,9.8,25.3,35.6,34.9,23,26.5,20.7,72.8,53.7,54.9,16.1,37.6,25.3,20.8,16.3,42.9,27.8,33.4,52.3,41.8,39.8,33.7,34.5,26.3,17.4,38.1,40.9,19.6,35.1,44.5,34.9,21.8,51.5,21.8,34.8,24.7,44.5,21.6,18.8,48.4,43.7,19.7,19.3,26.4,32.9,21.9,42.9,15.3,47.3,43.1,28.6,31.8,24.2,13.9,45.8,28.9,35.1,29,53.9,40.2,35.8,50,27.4,36.4,15.4,22.2,31.5
5,15.5,45.7,27.4,45,32.3,33.4,34.3,30.3,35.8,20,27.9,26.2,60.8,15,20.4,26.3,21.3,21.4,26.7,52,36.6,9.4,31.6,12.9,41.6,42.2,36.8,47.2,26.8,17.8,49.5,47,26,34.2,27,32.4,47.6,36.1,36.4,29.4,21.8,36.5,31,25.2,28.6,29.6,19.6,20.1,46.2,46.4,34.8,34,40.6,19.2,25.4,32.8,25.8,42.4,47.8,32.4,30.4,20.8,35.4,32,27,28,30.6,41.1,25.9,14.3,16.4,32.4,32.2,29.6,34.8,53.5,12.8,30.3,11.5,43.3,13.1,79.2,24.3,24.8,47.2,17.2,14.4,46.3,38.1,20.5,28.4,20.6,28,28.1,18,34.8,19.7,25.7,29.2,34.9,18.7,32.2,42.1,22.5,64.1,49.3,37.2,25.9,32.1,28.5,29.5,38.9,14,42.1,49.8,30.5,47.2,44.6,35.3,23.9,41.6,37.5,25.7,36.2,38,16.3,27.2,21.4,28.3,36.9,14.8,32.1,53.2,41.2,36.9,31.8,37.1,34.5,24.3,31,14.3,28.7,20.3,16,36.5,33.8,39.4,43.1,32.2,24,31,17.7,35.4,33.2,24.8,29,41,44.1,45.9,72,7.9,48.3,46,53.7,26.9,14.4,41.6,28,34.8,13.9,54,23.3,13,66.5,55.9,23.1,18.1,46.5,27.3,12.3,33.2,32.9,54.9,26.8,20.9,29.3,24.7,24.1,41.7,31.1,10.7,30.1,41.4,13.5,31.7,31.6,16.8,42.1,31.1,28.4,40.5,15,16.4,19.3,62.8,57.4,36.1,26.5,33.9,45.8,46,25.5,47.9,48.5,30.2,25.2,22.5,28.9,15.6,55.6,26.6,16.9,12.3,15.5,65.8,48.2,17,23.4,37.3,22.5,21.7,34,7.7,10.2,15.1,29.4,33.5,16.3,33.5,18.7,53.8,57.7,61.9,11.7,35.2,27.8,22.5,15.7,51.5,34.9,36.7,44.2,33.5,37.4,31.9,48.9,29.8,19.9,33,33.3,19.9,46.3,40.5,27.1,13.8,37.8,20.2,49,22.4,40.7,19.9,24.3,45.8,31.3,12.7,24.5,30.9,25.8,25.9,38.8,13.8,43.6,39,18,33.4,26.8,16.9,54.2,33.2,27.8,21.5,47.2,37.7,23.5,49.3,19.7,43.5,11,15.2,29.1
5,20.9,40.9,28.1,52.3,32.3,34.9,31,34.2,37.8,17.6,27.1,25.1,66.9,14.3,22.6,32.4,18.2,24.1,24.2,51.3,39,10,35.8,11,37.4,43.8,38.1,48.1,27.4,17,46.6,41.9,32.4,30.8,24,33.8,58.8,32.6,32,31,17.8,35.9,35.3,29.6,27.5,21.7,19.4,19.9,45.3,45.5,37.8,34.2,31.7,18.1,30,44.2,22.3,44.9,52.5,28.9,30.2,24.7,32.5,36,33.5,31.9,35.1,40.8,29.6,17.7,16.5,35.6,39.7,34.8,26.5,55.3,13,37.6,16.8,38.6,18.6,68.9,27,29.3,41.6,16.3,18,47.9,43.6,20.8,30.3,23.3,29.4,28.3,14.1,35.3,20.6,27.6,26.6,36.6,20.6,40.4,40.2,26,72.3,43.7,34.6,23.4,39.5,27.9,33.9,45.5,13.6,44.6,53.5,27.4,55.4,44.3,34.6,20.1,41.4,37.6,25.8,34.7,39.2,19.9,31,21.4,27.9,33.6,18.9,31.8,57.3,38.7,42.6,35.3,47.3,40.8,27.6,31.6,22,27.5,21.9,18.9,33.9,43.3,33.3,43.3,35.5,21.4,33.3,18.3,32.7,31.7,29.4,36.3,55.3,39.1,47.3,67.6,8.8,47,41.7,49.9,29.6,12.4,37.6,34.4,36.5,16.8,52.4,27.7,14.6,65,55,23.9,16.6,40.1,35.2,15.6,33.8,38,61.7,31.7,27.4,32.6,24.2,21.7,35.7,34.5,12.2,33.2,45.1,16.4,32.6,29.4,18.8,44.1,28.4,29.3,47.5,13.3,15.4,20,65.6,48.5,32.2,28.9,35.3,50.2,47.2,24.3,54.2,44.8,31.9,20.6,28,38.1,13,64.1,23.6,20.4,19.6,14.8,62.7,42.7,23.9,29.2,36.8,23,25.1,39.4,12.2,14.4,11.4,36,33.4,12,37.8,21.9,50.1,63,63.4,16.6,31.8,26.4,26.8,16.2,53.9,38.9,36.5,46.2,33.1,35.3,40.2,52.1,35.6,19.3,30.1,29.8,20.6,47.8,48,24.5,16.2,36.9,22,54.1,28.4,36.4,21.2,30.3,49.6,32.8,12.9,28,25.8,26.1,24.6,38.6,14.6,44.6,45.3,21.4,41.4,26.2,14.7,58,33.7,27.9,23,48.9,42.6,20.4,49.7,20.4,43.7,11.2,13.6,30.4
5,22,39.2,30.2,51.9,32.7,34,33.9,21.4,36.7,16.3,38.5,27,45.3,12.2,14.4,23.2,26.1,17,37,45.1,28.3,7.5,26.6,15.4,42.8,44.2,31.5,43.5,31.1,20.6,43.8,35.8,17,35.8,35.7,34.5,36.6,45.8,27.4,18.5,15.1,30.3,24.2,20.2,25.7,32.9,18.5,19.3,46.6,40.9,38.8,25.2,37.3,20.9,22.3,22.7,23.1,48.7,34.3,32,29.3,15.1,32.4,32.6,30.9,19.6,33.8,39.6,25.1,8.3,14.9,30.4,25.7,31.6,30.7,41.4,11.4,29.9,11.9,43,10.5,69,25.7,20.3,51.7,20.4,10.6,39.2,39.9,16.9,32,22.2,30.8,23.6,24.1,41.7,20,27.8,30.4,28,19.8,26,38.6,16.4,57.6,43.9,35.1,23.2,22,29.4,23.3,30.8,16.3,47.7,35.8,32.9,36.9,35,41.5,22.4,32.7,31.2,23.6,38.7,33.6,18.5,30.2,15.8,26.6,35.5,13.5,32,43.1,35.6,42.6,31.9,28.5,32.3,22.8,26.7,12.6,24.7,18.5,17,41,25.3,45.9,38,22.9,24.1,25.2,16.3,34.1,31.6,24.6,27.6,21.6,44.7,49.5,59,7.3,56.6,48.2,47.6,28.9,16.1,45.9,23.7,31.9,10.4,44.6,25.7,13.7,61.4,48,21.7,22.8,46,13.5,13.5,35.3,28.7,52,25,17.7,28.2,28.1,26,36.9,21.9,11.3,26.7,36.9,11.1,32.3,29.6,15,39,34,27.1,40.2,22.2,16.8,23.1,59,56.5,46.1,30.1,31,49.3,39.8,21.9,37.4,40.5,28.5,30.3,15.8,21.3,15,43.4,22.2,14.9,12.1,10.8,62,44.5,21.2,23.3,30.1,19.6,16.4,26.2,11.7,8.9,20.9,32.3,28,23.4,21.8,16.8,59.5,48.4,50.3,13.4,33.2,21.2,17.5,12.8,51,27.8,31.8,46.4,48.4,41.3,29.4,33.5,25.2,15.6,30.2,33.2,23.3,38.6,38.3,27.3,15.1,46.4,21.7,43.1,23.7,38.1,16.5,18.7,45.8,36,14.5,15.6,26.4,23.3,16.8,38,12.8,47.4,45,21.3,25.9,23.2,17,39.9,29.6,29.6,23.8,41.9,35.8,29.7,49.7,17.4,34.5,12,19.2,27.6
5,22,39.2,30.2,51.9,32.7,34,33.9,21.4,36.7,16.3,38.5,27,45.3,12.2,14.4,23.2,26.1,17,37,45.1,28.3,7.5,26.6,15.4,42.8,44.2,31.5,43.5,31.1,20.6,43.8,35.8,17,35.8,35.7,34.5,36.6,45.8,27.4,18.5,15.1,30.3,24.2,20.2,25.7,32.9,18.5,19.3,46.6,40.9,38.8,25.2,37.3,20.9,22.3,22.7,23.1,48.7,34.3,32,29.3,15.1,32.4,32.6,30.9,19.6,33.8,39.6,25.1,8.3,14.9,30.4,25.7,31.6,30.7,41.4,11.4,29.9,11.9,43,10.5,69,25.7,20.3,51.7,20.4,10.6,39.2,39.9,16.9,32,22.2,30.8,23.6,24.1,41.7,20,27.8,30.4,28,19.8,26,38.6,16.4,57.6,43.9,35.1,23.2,22,29.4,23.3,30.8,16.3,47.7,35.8,32.9,36.9,35,41.5,22.4,32.7,31.2,23.6,38.7,33.6,18.5,30.2,15.8,26.6,35.5,13.5,32,43.1,35.6,42.6,31.9,28.5,32.3,22.8,26.7,12.6,24.7,18.5,17,41,25.3,45.9,38,22.9,24.1,25.2,16.3,34.1,31.6,24.6,27.6,21.6,44.7,49.5,59,7.3,56.6,48.2,47.6,28.9,16.1,45.9,23.7,31.9,10.4,44.6,25.7,13.7,61.4,48,21.7,22.8,46,13.5,13.5,35.3,28.7,52,25,17.7,28.2,28.1,26,36.9,21.9,11.3,26.7,36.9,11.1,32.3,29.6,15,39,34,27.1,40.2,22.2,16.8,23.1,59,56.5,46.1,30.1,31,49.3,39.8,21.9,37.4,40.5,28.5,30.3,15.8,21.3,15,43.4,22.2,14.9,12.1,10.8,62,44.5,21.2,23.3,30.1,19.6,16.4,26.2,11.7,8.9,20.9,32.3,28,23.4,21.8,16.8,59.5,48.4,50.3,13.4,33.2,21.2,17.5,12.8,51,27.8,31.8,46.4,48.4,41.3,29.4,33.5,25.2,15.6,30.2,33.2,23.3,38.6,38.3,27.3,15.1,46.4,21.7,43.1,23.7,38.1,16.5,18.7,45.8,36,14.5,15.6,26.4,23.3,16.8,38,12.8,47.4,45,21.3,25.9,23.2,17,39.9,29.6,29.6,23.8,41.9,35.8,29.7,49.7,17.4,34.5,12,19.2,27.6
5,21.6,42.2,29.6,54.4,38.4,39.1,36.9,26.6,40,20.3,30.7,33.4,56.7,15.3,19.5,23.8,30.8,18.1,37,55.3,30.1,7.6,33.3,18.1,44,45.3,40.3,48.2,34,18.9,53,45.8,19.1,40.3,34,37.7,42,46.2,32.8,22.1,20.2,28.9,26.5,27.9,29.9,30.5,22,19.6,42.4,49.9,43.2,28.9,42.1,26.7,26.2,30.9,29.4,43.5,39.3,36.3,35.9,20.2,37,36.7,31.9,26.2,35.5,43.7,28.4,15.5,16.4,28.4,30.2,31.6,33.3,45.8,13.9,32.3,12.2,50,12.8,78.9,25.8,21.4,50.3,21,13,45.6,41,20.4,34.2,22.7,29.7,28.4,25.3,38.6,22.3,30.9,29.1,36.1,25.1,30.8,37.1,19.8,65.4,47.1,38.2,24,25.5,30.3,26.4,34.4,17.1,48.1,41.8,31.7,51.7,41.3,41,23.7,40.8,37.1,27.1,45.6,35.9,17.7,26.4,21,28.5,34.8,13.8,38.4,49.8,39.6,45.2,34.9,31,37.9,28.4,32,15.8,27,21,17.6,44.2,31.5,51.4,48.1,26.7,28.4,28.9,20,38.8,36.3,30.4,37.9,32.7,54.1,56.4,70.1,8.4,55.2,59.3,55.9,27.3,19.1,50.7,29.3,34.5,13.4,56.6,27.5,13.4,65.2,51.1,25.6,22.3,46.1,21.3,12.5,32.9,28.5,58.8,27.3,19,31.6,29.2,25.8,42.5,28.5,8.8,28.8,45.7,14.4,35.6,34.5,15.7,39.1,34.7,30,38.1,22.3,17.9,19.8,60.3,59.2,44.7,30.7,33.9,48.4,49.2,25.9,43.3,47.7,29.1,33.6,20.9,32.1,17.3,55.8,25.2,15.2,12.4,13,67.2,48.2,22,19.8,33.6,24.3,21.5,30.1,9.9,10.9,19.8,34.8,32.3,18.5,27.7,16.3,64.3,52.2,61.7,18.3,35,20.8,19.5,11.4,57,31.2,38.6,51.8,41.8,39.9,33.1,46.9,33,19.6,35.5,34.8,23.8,45.8,39.7,28.3,18.4,53,21.5,46.3,25.8,42.3,21.1,22.6,54.4,42.6,14.4,23.6,30.8,24.2,20.2,45.5,15.9,48.5,44.7,20.1,30.7,24.6,17.8,48.9,29.4,30.8,22.8,44.5,39,24.7,52,18.8,40.7,15.6,21.8,30.5
5,18,42.3,31.7,51.6,33.1,37.6,34.8,29.1,34.5,17.7,29.2,25.3,49.9,17.1,20.4,28.1,25.9,21,33.7,50.3,30.4,8.7,34.4,15.2,37.8,45.1,42.9,46.8,30.6,18.6,50.4,38.6,17.9,37.6,31.6,35.3,41.9,44.1,37.1,24.2,19.1,29.7,27.7,24,28.3,31.3,19.2,19,44.5,41.4,40.9,29.9,39.2,24.8,25.8,28.5,25.6,49.5,40.3,30.6,29.1,21,34.7,35.3,29,24.6,32.1,42.8,30.3,17.4,16.4,31.8,33.3,32.2,31.9,45.7,11.6,29.3,13.7,46.1,13.6,79.7,27.6,22.7,45.3,17.7,14.6,48.5,39.4,18.9,33.3,22.2,34.2,29,26.2,42.6,22.8,26.5,27.3,37.1,23.9,31.4,44.4,22.7,64.1,47.5,37.1,26.5,30.8,29.6,29.5,31.3,14.4,47.1,41.4,34.9,44.3,37.8,39.3,23.3,37.4,36.9,24.3,41.7,35.4,16.7,28.5,19.9,28.8,35.1,14.7,33,54.9,34.3,40.4,30.2,38.7,37.3,24,30.5,15.8,28.3,23.2,15.9,41.8,30.8,47.2,43.2,25.5,25.4,27.5,20.3,38.6,37.1,27.9,30.9,35,46.8,51.2,67.3,8,47.2,53.8,51.6,27.7,16.1,48.5,26.9,34.4,13.5,58.9,25.8,13.5,60.6,54.7,23.3,21.4,49,20.9,14.4,33.9,31.4,60.7,28.1,20.1,34,24.1,23,37.8,30.4,9,24.9,44,15.5,36.1,33.2,15,37,34.8,30.9,39.6,17.3,15.9,17.6,65.3,57.9,43.3,28.9,32.8,49,48.8,21.4,43.2,47.4,26.9,30.8,18.2,27.4,14.7,54.2,24,14.3,13,13.6,61.3,43.6,21.9,22.4,33.5,21,23.6,29.3,11.2,9.6,14.5,30.6,35.7,19.5,28.5,14.8,65,53.6,53.7,18,33.6,28.8,17.7,15,48.7,34,36.7,46,37.6,36.5,31.7,42.3,30.8,21.7,33,31.5,22.1,43.4,42.3,30.2,18.8,42.4,23.4,40.6,30.1,39.2,21.3,24.2,51.1,35.1,13.7,20.3,31.8,24.6,19.7,41.9,16.5,45.6,45.9,24,31.9,25.1,14.1,45.4,26.4,27.6,23.6,46.5,39.2,25.3,52.2,21.7,38,13.2,20,28.2
5,18.2,41.9,28.2,52.4,35.7,38.1,37.2,28.1,37.7,18.6,28.5,28.4,62.8,15.7,20.6,26.2,19.6,22,29.7,57.2,34.2,8.5,34.3,15,40.2,44.6,38.9,48.3,32.3,17.7,54.5,43.3,25.8,34.8,27.9,31.1,50.8,37.7,34,31.5,20.6,30.3,29.8,27,34.3,29.1,17.8,19.2,43.4,45.1,34.4,32.8,37.6,21.5,25.6,40.3,24.7,45.5,44.5,32.6,33.5,24.5,39.3,34.2,33.8,31.6,35.1,38.6,30.5,18.6,13.5,29.2,36,31.3,33.6,52,12.8,29.1,14.1,43.7,14.9,78.6,27.7,27,48.2,16.6,13,43.1,38.5,23.8,33.8,19.1,31.8,24.2,20.8,39.1,21.4,28.1,28.4,41.6,21.5,35.6,46.8,20.2,68.5,45.7,34.5,24,30.6,30.5,29,35.3,16.2,49.9,51.4,30.3,53.3,42.8,37.2,21,37.7,38.5,27,38.6,40.5,16.1,30.8,19.6,28.1,35.2,15.9,34,55.4,42.1,42.6,34.8,35.6,41.3,21.5,36.4,18,29.4,19,19.2,38.4,33.3,44.2,44,30.1,25.1,31.4,18.6,34.8,34.9,31.8,35.3,40.9,46.4,55.7,71.5,8.5,52.6,43.7,56.3,30.5,14.6,44.3,32.6,34.8,17.6,55.3,25.6,12.8,67.3,53.7,23.7,18.3,47.2,28.4,11.5,33.7,32.1,53.1,26.1,22,29.6,24.1,25.4,43.1,33.7,10,26.2,44.5,12.9,34.5,36.4,16.4,42.9,33.3,30.3,41.2,16.3,17.3,21,63,55.9,42.1,28.1,32.2,47.9,45,25.5,48.5,45.9,26.6,26.3,24.5,33.9,17.2,66.2,25.9,18.4,13.9,13.1,65.6,41.9,22.3,23.8,37,24,22.9,36.8,8.8,11.7,13.1,32,34.9,16.2,32.4,18.7,52.3,57.5,64.3,13.6,35.4,23.4,21.9,16.3,62.7,34,37.4,46,37,36.7,35.4,49.8,29.2,20.1,35.6,32.7,26.5,52.3,45.9,28,15.4,40.5,21.7,48.7,25.7,42.5,21.5,27.2,49.7,37.8,12.9,27.5,29.5,26.6,24.2,45,15.8,44.3,43.9,22.8,32.2,27.7,15,54,26.9,28,21.7,50.1,41,27.2,56.2,18.1,42.4,12.9,18,31.1
5,26,33.7,33.6,45.6,29.4,31.3,21,18.9,26.3,14.8,28.1,28.2,24.5,17.5,16,19.1,32.9,19.9,27.4,35.7,17.6,11.1,25.1,22.2,54,36.7,34,35.7,27.3,31.6,40.5,25.4,19.5,29.1,41.3,31.6,28.6,45.3,31.8,15,7.7,28,18.2,15,21.5,39,18.6,20.6,44.7,32.3,30.9,18.9,36.5,27.4,23.3,23,23.7,43.9,34.3,28.5,27.6,14.4,27.9,29.8,26.6,18.8,24.5,37.8,20.1,4.6,10.6,35.7,19,31.8,27.3,36.7,15.8,28.6,17.1,47.6,18,60.8,32.6,21.4,50.6,25,11.9,40.7,43,11.2,25.1,31,40.2,19.5,22.7,47.3,17.1,27.7,39.2,17.3,26,34.2,44.1,22.4,48.5,45.3,26.4,21.1,18.2,27,32.5,31.6,10.3,43.5,26.3,18.6,30.2,28.9,32.9,17,25.5,39.1,27.5,30.4,29.4,19,26.5,18.7,38.8,34.3,18.5,28.8,38.3,26.2,39.2,21.3,30.3,25.1,31.6,22.3,16.3,22.1,15.6,18,41,28,44,44.6,23.7,28.4,26.8,22.1,40.1,23.4,15.3,18.6,19.5,39.3,37.6,39.1,11.6,40.8,37.1,43,37.8,14.7,35.8,21.1,28,7,32.6,24.6,15.7,50.7,64.3,22.5,18.6,25.5,10.5,11.7,39.4,31.8,40.9,32,21.9,25.1,24.2,27.6,30.8,19.3,12.9,17.8,26.9,15.9,42.1,19.7,11.5,33.3,32.7,32.3,37.6,22.8,11.7,27.3,42.4,61.8,54.3,18.3,26.6,53.6,33.5,21.4,26.9,28.3,29.6,24.2,13.7,22.3,16.5,39.7,24.9,13,12.2,12.5,47.5,35.1,16.6,21.2,20.1,20.3,26.3,29.2,21.3,9.9,24.4,34.6,39.8,22.6,23.6,16,67.1,39.6,36.6,12.1,32.2,22.8,16.9,13.8,27.5,29,32,40.4,28.9,34.8,24.6,25.4,23.3,16.3,29.2,34.9,16.2,28.8,42,33.9,26.4,34.6,18.2,40.6,25.5,41.6,24,16.4,46.8,34.4,17.3,11.8,28.7,28.7,16.7,35.7,13.3,40.2,36.1,30.2,28.5,21.4,13,30.2,28.2,35.1,24.7,55.5,33.1,32.4,35.7,24.1,34,14.2,21.2,31.5
5,19.8,42.4,27,50.4,34.2,34.1,30.2,31.5,39.9,22.3,28.5,25.9,67.3,12.8,22.1,35.6,19.5,27.4,28,56.9,39.7,10.1,33.6,13.7,39,44.5,42.1,50,29.8,18,49.5,43.2,30.1,30.4,27.7,36.1,56.6,38.5,38.8,34.4,16.2,40,32.8,29.8,27.8,24.1,17.4,19.5,45.6,47.3,39,35.3,36.1,21.2,26.1,40.9,24.1,46.5,52.4,30.8,33,25.9,37,37.6,32.2,33.1,31.9,44,31.2,17.5,16.8,36.8,39.2,36.4,31.7,50.7,14.2,30.5,15,41.8,18.3,79.1,24,29.5,41.1,19,14.3,44.2,40.9,22.1,33.5,23.4,29.1,22.5,16.8,34.5,23.2,29,31.8,42.2,22.4,36.1,40.8,26.2,74.6,44.7,36.2,26.5,40.9,27.9,30.1,40.5,13.5,46.2,59.1,30.5,53.5,45.9,38.9,20.5,42.5,41.4,28.3,32.9,38.4,18.5,33.1,22,31,35.8,17.6,36.6,61.3,38.1,42.4,29.6,40.8,40.7,26,33.5,18.7,28.2,23.6,17.2,40.3,42.8,39.8,49,29,26.7,33.3,18.1,39.6,32.9,27.6,39.1,51.6,44.9,49,69.1,7.4,46.5,42.7,58.4,29.7,13.3,40.1,35.4,37,18.2,56.6,26,11.2,64.2,57.6,23.5,15.2,45.5,34.9,14.9,40,31.6,57.6,28.4,23.3,34.3,26.6,23.7,35.6,35,11.2,30.8,44.4,16.4,34.1,30,21.2,41.6,32.5,33.4,46.9,13,16.3,22.3,62.8,51.6,42.1,28.6,33,46.6,50,25.6,50,46.5,29.1,23.8,26.1,37.4,12.8,67.6,23.5,18.1,18.7,14.4,66.5,46.8,21.1,26.8,35.2,27.6,27,34.9,10.6,14.4,11.5,32.1,34.7,11.5,38.4,19.5,51.6,55.1,70.8,15,36.3,29.8,26.3,15.9,56.1,40.1,39.2,42.6,35.7,37.7,38.8,49.3,34.1,18.8,33.5,32.8,23.4,45.9,47.8,26.6,17,36.9,19.2,51.5,29.6,40,20.3,32.8,52,31.8,12.7,31.9,27,25.9,27.2,40.6,17.3,41.8,44.6,19.6,42.6,24.4,16.1,58.8,31.4,32.4,23,53.2,40.1,21.3,51.6,20.5,50,12.4,15.5,35.5
5,22.7,43.7,35.1,54.9,39.9,43,39.4,27.3,40.8,23.1,33.5,31.3,53.3,17.6,20.3,34.3,30.7,25.8,32.6,60.3,37.7,9.3,38.5,19.6,49.6,45.2,41.2,53.1,28.4,20.6,55.4,47.6,22.9,42.9,40.5,43.5,45.7,53.2,43.7,25.5,17.3,39.1,23,29.6,28,34.2,22.4,19.9,48.8,52.7,48.6,31.6,47.7,26.8,32.9,36.6,26.7,49.4,47,38.2,33.9,24.1,37.5,42.1,35.9,26.5,34.2,48.3,30.7,15.3,20.8,39.1,33.8,30.1,33.9,52.8,17.9,35.6,17.7,53.7,16,89.1,30.6,27.7,54.1,23.3,15.1,54.4,50.6,19.5,41.2,29.6,36.5,31.8,25.3,43.8,21.4,33.3,34.8,39.4,28.3,34.8,45.7,21.4,70.8,48.9,32.8,26,28.8,34.3,35.4,37,15.7,47.6,42.4,37.3,49.3,46.3,44.9,28.2,43.8,34.9,29.5,41,41.3,20.4,32.7,22,37.2,42.1,17.5,36.6,65.3,41.1,47.1,33.5,37.7,46.3,30.1,29.4,17.9,28.3,22.1,16.2,48.7,37.8,46.7,50.6,36.5,35.1,31.2,19.3,38.5,38.9,31,38.6,39.8,48.4,57.9,72.5,11.2,53.2,64,70,34.6,14.3,53.5,32.5,40.5,15.3,57.2,30.1,16,72.5,63.4,30.8,20.5,50.5,26.2,16.9,36.8,34.7,71.5,30.8,20.5,40.1,28.5,24.5,43.3,32.6,9.8,35,49.2,20.6,40.1,29.7,18.9,38.7,41.6,38.4,47.6,22.1,20.3,23.4,65.8,66.3,51.8,29.2,39.8,47.3,49.9,26.3,47.8,54.4,31.6,37.6,22.4,36.5,18.1,58.4,25.1,21.4,19.1,14.5,72.9,53.2,24.1,22.5,35.1,24.5,23.5,37.9,11.4,13.1,19.6,37.7,35.4,23.6,30.6,23,70.9,63.6,61.4,20,42.3,32.1,21.8,18.5,55.7,40.5,38.6,54.4,40.9,43.3,36.1,46.2,37.1,20.9,37.7,44.1,21.9,48.1,47.3,36.8,25.5,54.6,22.1,47.1,27.6,44.3,23.5,24,58,42.5,17,25.4,37.7,31.1,25.7,42.4,16.3,46.9,49.6,25.8,32.6,30.5,13.8,56.2,30.6,38,22.6,59.7,47.4,28.1,58.8,24.1,48.7,12.6,22.7,34.1
5,22.7,43.7,35.1,54.9,39.9,43,39.4,27.3,40.8,23.1,33.5,31.3,53.3,17.6,20.3,34.3,30.7,25.8,32.6,60.3,37.7,9.3,38.5,19.6,49.6,45.2,41.2,53.1,28.4,20.6,55.4,47.6,22.9,42.9,40.5,43.5,45.7,53.2,43.7,25.5,17.3,39.1,23,29.6,28,34.2,22.4,19.9,48.8,52.7,48.6,31.6,47.7,26.8,32.9,36.6,26.7,49.4,47,38.2,33.9,24.1,37.5,42.1,35.9,26.5,34.2,48.3,30.7,15.3,20.8,39.1,33.8,30.1,33.9,52.8,17.9,35.6,17.7,53.7,16,89.1,30.6,27.7,54.1,23.3,15.1,54.4,50.6,19.5,41.2,29.6,36.5,31.8,25.3,43.8,21.4,33.3,34.8,39.4,28.3,34.8,45.7,21.4,70.8,48.9,32.8,26,28.8,34.3,35.4,37,15.7,47.6,42.4,37.3,49.3,46.3,44.9,28.2,43.8,34.9,29.5,41,41.3,20.4,32.7,22,37.2,42.1,17.5,36.6,65.3,41.1,47.1,33.5,37.7,46.3,30.1,29.4,17.9,28.3,22.1,16.2,48.7,37.8,46.7,50.6,36.5,35.1,31.2,19.3,38.5,38.9,31,38.6,39.8,48.4,57.9,72.5,11.2,53.2,64,70,34.6,14.3,53.5,32.5,40.5,15.3,57.2,30.1,16,72.5,63.4,30.8,20.5,50.5,26.2,16.9,36.8,34.7,71.5,30.8,20.5,40.1,28.5,24.5,43.3,32.6,9.8,35,49.2,20.6,40.1,29.7,18.9,38.7,41.6,38.4,47.6,22.1,20.3,23.4,65.8,66.3,51.8,29.2,39.8,47.3,49.9,26.3,47.8,54.4,31.6,37.6,22.4,36.5,18.1,58.4,25.1,21.4,19.1,14.5,72.9,53.2,24.1,22.5,35.1,24.5,23.5,37.9,11.4,13.1,19.6,37.7,35.4,23.6,30.6,23,70.9,63.6,61.4,20,42.3,32.1,21.8,18.5,55.7,40.5,38.6,54.4,40.9,43.3,36.1,46.2,37.1,20.9,37.7,44.1,21.9,48.1,47.3,36.8,25.5,54.6,22.1,47.1,27.6,44.3,23.5,24,58,42.5,17,25.4,37.7,31.1,25.7,42.4,16.3,46.9,49.6,25.8,32.6,30.5,13.8,56.2,30.6,38,22.6,59.7,47.4,28.1,58.8,24.1,48.7,12.6,22.7,34.1
5,22.8,44.7,31.4,58,38.7,35.5,35.4,33.2,39,20.5,31.6,30.2,56.1,15.2,22.1,30.1,28.5,23,31.2,60.7,30.8,10.3,34.1,18,43.6,50,39.1,46.4,28.6,17,57.4,44.3,22.7,38.6,35.3,36.5,41.8,48.4,36,23.4,18.9,31.7,25.1,29.6,29.6,31.8,18.5,20.5,45.1,50.2,45.7,32,42.3,29.3,29.3,33.5,26.9,51,41.8,36.1,35.5,21.9,37.4,40.2,33.1,28.9,37,41.6,30,14.9,17.5,36.2,33,32.4,34.9,49.9,11.3,35.5,17.6,44.6,15.2,81.7,25.6,22.5,49.7,23.3,13.7,49.5,44.3,20.3,38.8,27.3,32.8,28.4,26.3,49.2,22.3,30.5,28,38.2,29.3,29.5,41.6,25.2,61.5,50.7,35.1,29.2,24.2,30.1,27.1,37.1,15.9,49.3,45.5,32.9,46.3,40.8,44.2,22.2,43.7,35,27.1,40.1,40.3,18.3,31.5,17.8,31.6,37.4,16.4,36.4,54.2,39.1,41.2,36.2,37,39.8,27.9,32.4,15.1,26.7,19.8,17.9,41.1,32.8,48,45.5,27.4,31.1,31.8,20.5,40.1,32.3,25.8,33.7,32.9,49.7,61.9,72.5,9.8,51.2,57.8,59.1,27.8,18.3,50.7,29.1,37.6,16.3,57.6,28.6,13.6,67.4,55.6,23.7,18.8,45.5,23.7,14.2,38.7,34.4,62,28.2,22.3,35.1,28.3,28.8,34.8,32.3,7.9,32,47,14.6,35.7,31.7,16.8,42.6,36.8,33.1,44.8,19.5,19.3,20.8,63,58.6,42.8,29.3,36.8,47,50.2,25,47.4,50.1,30.5,31.2,20,30.5,15.3,54.3,22.4,17.9,13.8,11.6,72.2,49.7,27.5,19.5,36.3,23.9,22.3,29.7,10.4,12.5,19.8,33.2,34.4,17.8,29.2,18.8,65.9,60,56.3,16.6,37.4,28.6,19.1,16,54.5,32.3,41.1,51.9,41.2,38.5,36.4,51.6,29.9,20.2,32,33,24.2,43,47.7,31.3,19.8,50.6,23.2,47.8,28.3,42.9,20,23.7,53.4,39.8,15.9,20.9,30.4,27.4,23,45.8,15.3,49.7,51.1,24,30,28.1,14.9,52.8,28.4,32.1,23.5,51.8,38,26.6,54.7,22,43.8,10.1,23.3,35.7
5,19.4,42.2,31.3,52,39,30.5,29.9,22.2,40.3,17.8,33.9,26.3,48.2,12.5,18,25.7,25.7,18.6,30.4,48.5,27.9,10.9,25.7,13.5,44.3,43.8,33.5,49.1,29.8,17.7,49,37.3,15.9,38.6,42.1,37.5,38.8,52.6,32.8,21.9,16.4,33.9,23,21.2,26,35.1,20.2,17.7,45.3,48.8,35.6,28.3,42,24.3,23.5,25.7,27.1,48.9,36.4,34,30.5,13.7,35.6,34.5,31.5,21.5,29.1,44,26.1,11.8,15.1,31.4,28.8,30.5,31.9,45.6,15.3,31.8,12.5,49.5,14.3,77.8,31,22.2,57,22.4,10.2,45,43.2,14.6,34.2,26.5,33.6,24.4,24.7,42.2,18.9,29.1,26.7,30.6,26.4,26.9,40.7,18,65,46.7,31.9,28.5,24.5,29.6,26.2,34.7,13.5,44.5,30.8,33.3,40.7,39.1,42.2,25.3,37.3,33.8,23.9,38.3,36.2,19,28.4,20.4,31.4,32,16.8,36.2,51.9,36.6,43.6,28.9,29.2,37.3,27.9,25.4,14.9,24.7,19.4,15.1,41.1,31.9,47.3,45.6,24.4,26.8,28.3,20.4,35.1,33,22.6,29.6,27.1,48,54.2,60.8,9,52.1,53.8,59.3,28.7,15.8,50.3,19.7,39.9,11.4,51.5,26.2,14.1,68.8,48.9,26.2,20.8,44,15.9,13.6,37,32,56.5,27,18.3,27.5,30.1,24.8,34.8,23.9,10.1,27.1,36.6,13.8,34.4,29.5,14.2,37.3,35.3,30.5,40.5,22.1,19,24.3,56.9,63.8,45.5,25.1,30.9,50,40.3,25.4,41.2,45.9,29.2,30.9,20.5,25.7,13,45.7,21.8,14.2,13.6,10.9,68.2,48.7,19.8,17.8,29.1,20.2,18.2,31.8,10.2,8.6,22.8,33.7,31.1,26.6,22.8,16.8,62.6,51.4,53.6,15.1,31.8,23.2,21.1,16.5,44.4,28.1,34.8,48.3,43.9,36.5,30.4,38.2,29,18.5,34.7,30.9,20.1,37.4,39,30.4,15.9,45,20.9,39.7,25.6,40.2,18.9,16.4,44.2,37.7,16.1,18.9,27,27.7,20.2,43.6,17.6,47.6,41.9,23.4,24.1,23.9,16.3,43.3,30.8,30,24.1,49.4,40.1,30.8,47.9,20.8,33.2,12.5,19.7,31
5,22.3,45.2,31.8,52.8,38.6,39.6,38.8,27,47.6,23.4,36.1,29.3,58.3,16.6,19.7,30.9,27.7,27.9,33.6,57.3,36.7,9.1,32.6,17.6,45,47.1,42.9,50.3,31.1,16.5,56.7,46,26.6,35.1,33.5,39.7,46.1,48.2,43.2,27,20.2,35.3,26.9,29.2,27.7,29.8,19,19.7,46.9,54.8,42,32.2,40.9,26.2,27.4,38.2,24.4,52.4,48,38.7,36.6,20.7,38.4,38.1,34.9,27.8,36,44.8,31.1,15,17.5,36.8,36.1,35.3,30.1,49.5,15.1,39.4,16.2,45.8,15,80.8,26.2,24.3,50.7,24.2,15.7,56.1,47.3,23.2,37.1,24.5,33.3,29.2,25.9,43.2,24.7,29.7,33.4,37.8,25.1,32.7,44.2,23.6,74,50.6,35.7,26.1,27,32.6,31.5,36.9,17.4,51.2,46.2,32,46.9,40.9,40.8,24.1,42.8,37.8,26.4,41.2,42,20.7,27.2,23,32.6,37.3,15.9,36.7,60,39.9,48.8,35.5,39.4,41.6,31,32.8,15.4,28.9,19.9,17.2,45.2,32.4,45.4,48.1,28.9,31.2,30.9,19.5,38.1,44,27.1,36.4,39.1,53.3,58.3,71.6,9.2,56.8,59.8,60.6,31.9,15.6,50,29.9,38.2,14.7,59.6,33.1,16.6,69.8,56.1,30.7,24.5,50.5,27.5,14.5,33.9,32.8,63.7,29.4,20.8,34.9,31.6,25.6,42.7,35.1,11.7,30.5,48.7,16.1,38.1,33.1,18.3,41.1,33.4,33.2,45.6,21,21.8,22.9,68.4,61.3,44,28,39.1,47.9,49.8,29.1,46.1,48.9,31.2,31.4,24,33.5,17.8,65.1,23.3,20,14.7,12.3,75.2,51.4,20.5,25.7,35.7,25.6,25.3,36.3,9,11.2,19.9,40.2,35.5,18.6,29.7,21.6,66.1,60.5,61.6,18,37.8,31.6,21.7,19.3,58.4,32.9,38,50.3,40.3,36.8,39.1,49.4,35.2,22.2,33.7,34.5,23.4,49.7,46.4,31.9,18.3,50.1,21.9,49.1,25.8,44.5,21.1,24.4,57.2,39.7,14.6,24.2,30.9,28.8,19.8,41.2,15.3,48.2,45.9,21.3,32.4,28.5,15.2,55.5,29.5,31,23.2,52,40.4,26.3,57.4,21.6,46,11.4,19.8,33.8
5,21.7,45.3,30.7,52.7,38.6,39.8,36.3,30.9,42.5,23.4,31.2,26.4,65.3,17.3,23.4,31.5,22.7,24.5,30.7,57.5,38.9,11.4,37.6,17.2,44.4,46.5,43.2,49.2,29.5,19.9,59,50.1,31,34.9,27.5,37.5,54,43,36.7,31.8,19.5,36.1,33.1,29.3,28.9,27.7,22.2,22.2,51,51.4,40.7,39,41.9,22.7,31.3,41.5,27.2,42.2,51.1,33,33.5,27.2,35,36.5,35.4,35.7,31.4,49,30,16.2,17.1,35.7,39.5,34.9,33.4,50.9,14.4,35.9,16.6,47.1,20.5,78.6,28.7,31.5,47.1,20.4,14.7,48.3,47.3,21.3,37.7,23,31,27.4,20.5,38.6,22.1,30.1,29.7,43,23.7,39.8,45.8,24.5,76,51.9,36.6,27.9,37.2,29.7,32.4,41.3,15.2,50,49.6,33.5,52,42.2,37.4,25,48.2,42.2,28.9,42.3,40.1,19.9,28.9,24,30.1,39.1,17.4,35.2,64.4,45.3,44.2,32.1,39.9,36.4,29,35.4,19.1,27.6,22.6,18,41,42.3,40.1,49.2,31.3,27.4,35.9,21.4,36.3,35.9,28.5,37.9,52,45.1,48.9,70.3,9.8,48.7,52.1,60.5,29.9,12.8,43,33.8,39,17.3,61.4,29.7,15.3,69.1,57.7,27.9,18,49.3,37.1,15.6,40,34.5,66.6,28.6,23.3,34,29,25.8,37.5,34.3,11.7,31.5,49.6,20.2,35.7,31,20.3,43.3,32.9,33.7,50.7,17.7,18.9,22.3,61.6,54.9,42.8,32.1,36.4,50.3,49.9,29,49.9,52.6,34.8,25.8,26.9,35.9,15.1,69.1,27.6,21.9,18.1,16.9,69.1,54.1,22.4,24.8,34.8,23.9,27.4,41,13.3,12.5,16.7,37.5,33.7,13.9,35.5,20.9,51.7,61,69.4,15,37.2,30,23.1,20.1,60.5,37.2,40.5,50.7,34.1,41.3,40.9,49.8,35.2,24.2,37.9,36.5,25.3,50.8,46.2,29.4,18,41.3,20.5,49.5,31.1,42.7,20.5,29.2,58.8,39.7,13.3,29,32.3,28,25.1,43.4,15.3,43.1,44.2,20.5,38.5,27.5,13.2,56.1,28.6,28.8,24.6,55.3,46.4,23.7,53.4,18.9,48.2,13.2,18,32.2
5,21.1,41.8,34.9,52.5,36,36.2,35.8,26.7,34.7,19.1,31.5,29.3,50.2,15.4,19.1,28.8,27.1,21.6,34.7,55.1,33.2,9.9,35.4,18.2,43,46.7,36.5,47.6,30.7,17.7,55.6,42,20.7,39.8,35.2,38.4,41.9,45.8,32.6,24.4,18.5,32.9,27.8,25,27.1,35,18.4,18.6,44.4,46.6,44.2,27.6,43.4,23.6,23.8,27.8,30.1,46.3,44.3,31.4,33.2,19.3,32.6,38.4,31.5,27.1,36.9,42.2,32,15.4,19.3,31.9,33.7,31.5,37.1,48.8,11.8,34.4,13.9,48.7,15.6,78.1,28,20.7,49.9,21.2,12.8,45.9,41.7,18.2,32.4,24.8,30.1,25,27.4,41.9,21.3,29,29.6,33.4,27.4,28.3,42.3,23.2,65.1,49.1,37.5,26.1,28,30.8,26.8,36.1,16.8,47.4,42.3,30.6,45.8,40.1,43.1,23.4,40.6,33.7,22.8,41.9,39.3,17.6,28.3,20.8,27.4,34.6,12.8,35.7,55.3,36.7,40.8,33.1,35.8,37.9,24.4,30.5,16.5,27.1,21.8,16,44.7,29.9,47.8,37.4,28.4,29.6,28.8,22.6,39.3,35.6,30.7,34.3,30.5,47,54.5,69.6,9.4,52.7,58.7,58.5,30.8,16.3,49.8,28.6,36.6,18,54.6,26,12.2,70.4,51.6,25.9,19.9,46.1,20.5,13.3,33.8,28.3,58.1,26.9,18.9,31.5,32.5,26.4,39.5,30.5,9.9,28.1,45,12.4,35.2,30.1,16.5,41.1,37.4,33.6,46.2,21.9,17.9,21.5,58.7,61.7,41.7,28.7,35.4,49.4,45.4,27.2,44.2,48.3,28.7,34.5,22,30.7,18.6,53.9,23.2,19.3,14.5,12.3,67.7,49,25.8,19.9,36.6,23.2,19.3,27.4,11,11.1,19,31.8,29.4,20.7,27.9,15.1,63.1,54.7,58.8,16.4,37.1,28.4,19.1,12.1,54.7,35.7,40.5,46.5,41.3,39.7,33.2,47.1,31.2,19.9,34.1,32.7,21,44.4,40.6,31.4,19.1,45.9,23.5,44.3,28.9,39.1,21.8,20.1,52.9,37.1,16,21.9,32.2,24.7,18.4,42.1,15.7,47.7,50.4,23.6,32.5,27.2,16.2,49.8,30.8,31.1,18.8,49.2,41.4,24.3,54.3,22,43.1,12.3,21.9,33
5,25.4,32.5,36.8,46.2,36.1,29.4,24.3,20.1,30.3,15.1,32.7,29.9,30.1,15.3,13.4,20.2,30.1,19.8,27.2,39,19.4,11.8,24.1,21.7,49.2,37.3,33.2,35.5,28.6,25.7,37.7,28.8,17.8,32,43.4,31.1,25.8,44.7,30.8,19,11.4,30.6,18.8,17,24.8,35.2,19.7,19.6,39.7,37.6,34.9,20.2,38.4,26.1,23.2,23.1,24.7,49.2,36.5,27.2,28,13.8,30.6,28.4,26.5,16.9,26.9,44.1,17.5,8.4,15.7,34.1,22.2,34.3,29.8,38.1,15,29.5,16.3,47.5,13.6,65.8,32.5,22.3,54.4,23.1,11.6,41.6,46.7,10.6,26.6,26.4,33.2,23.3,24.4,42.1,18.3,26.1,34.3,20.7,27.4,34.8,37.2,23.2,52,44.2,29.2,22.3,22.1,26,28.8,32.5,12.3,43.7,25.5,26,33.1,33.5,33.9,24.7,28.3,36.8,29.7,34.6,30.4,19,30.9,17.5,35.4,29.5,17.8,26.2,39.1,28,38.8,23.2,26.8,32.9,29.3,28.8,14.2,22.5,14.8,15.8,43.7,29,43.2,38.5,21.5,25.8,26.5,17.8,38.9,22.5,18.6,25.6,23.9,37.8,42.4,43.2,11.1,44.5,40.9,46.4,35.9,15.6,39.8,20.4,31.4,7.2,36.2,26.7,13.5,51.1,62,18.3,17,32.1,12.6,12.4,42.7,29.7,46,31.4,23,31.1,26.7,24.8,30.5,16.1,12.4,21.1,27.8,14.4,44,17.9,11.4,34.4,29.4,32.7,44.9,21,12.7,25.4,47.5,62.8,48.7,22.3,30.6,51.7,37,22.2,30.2,33.2,28.2,24.1,16.8,21.1,15.6,42.6,19.4,11.3,12.5,12.6,55,40.2,17.5,16.9,21.6,17.5,25.4,29.4,17,7.9,21.5,32.9,33.6,18.4,23.4,14.7,64,46.1,40.7,13.3,34,25,17.4,11.7,34.3,32.4,28.9,45.1,34.4,35.6,24.5,27.2,21.3,15.4,29,31,14.7,30.7,38.3,32.4,26.2,39.2,19.4,38,24,45.7,19.7,16.5,44.1,38.2,16.2,15.2,24.2,27.8,15,37.8,15.5,44.8,36.3,24.2,26.7,20.2,15.3,40.3,30.5,33.2,27,48.1,37.4,31.5,42.3,24.1,32.6,13.4,19,30.1
5,22.2,43.2,35.7,52.7,36.8,33.8,30.2,23.4,35.4,21.4,38.2,26.2,38.3,17.5,15.8,25.8,33.7,17.1,36.1,44.3,26,11.2,26.8,20,50.7,42.7,36.9,41.9,28.8,21.4,47.6,34.7,17.7,36.5,47.6,33,30.4,48.7,34.2,14.7,10,29.7,21.1,20.5,19.7,37.3,20.9,18.8,40,40.2,42,21.3,44.8,29,26.2,24.2,28.6,46.3,34.7,31.9,28,15.2,28.8,36.3,27.5,23.5,31,44.3,25.5,9.7,16.1,36.9,24.6,30.1,29.4,40.6,15,33.7,15.4,50.7,13.5,71,31.9,21.6,50.4,22.6,13,47.6,44,11.9,29.1,27.2,35.2,23.5,23,46.9,21.1,25.6,38.2,24.7,26.1,31.2,39.5,18.9,65.9,46.9,29.5,26.5,20,30.2,29.6,36.8,12.8,49.6,32.5,30.3,35.6,36.2,35.4,21.5,28.8,33.1,26.7,38.1,34.4,16,28.1,18.1,34.4,36.2,17.8,35.7,50.1,26.7,40.1,24.2,28.8,36.4,27.3,30.3,14.7,22.7,19.6,13.3,46.7,28.7,48.1,40.6,30.8,29.4,28.5,20.8,38.3,30.6,25.6,28.7,26.7,40.2,50.1,54.3,9.7,46.6,51.1,52,33.9,15,45.9,19.4,32.6,10.7,41.5,26.3,13,55.1,60.3,23.8,20.9,36.8,14.2,12.9,37.5,31.3,49.3,29.1,21.2,34,29.7,23.1,32.5,26.1,10.9,20.7,34,16.3,41.7,24.7,15.3,41.7,36.1,33.2,40.2,24.3,17.5,22.5,47.4,66.2,47.2,22.1,39.6,46.8,41.3,21.7,33.8,39.7,28.8,28.7,14.4,22.3,15.8,50.9,22.1,14.7,14.2,10.3,61.7,42.1,23.1,21.7,23.9,19.4,22.9,30.8,12.3,8.6,22.6,33.9,34.5,24.2,20.6,13.9,71.8,53.2,46.5,16,34.8,24.9,18.2,13.7,35.6,29.7,31.7,51.8,37.5,40.5,29.4,34.8,27.3,17.6,34.2,31.3,16.9,32.9,38.4,31.3,27,45.5,22.4,38.9,28.7,38.3,24,18.8,50.7,38.4,17.7,18.3,28.2,28.1,14.9,37.3,13.2,49.4,48.7,26.7,28.6,25,14.4,40.5,29.5,31.7,24.4,54.6,36.7,30.6,46.7,26.1,35.1,10.5,18.2,29.7
5,16.6,39.1,29.4,41.3,34.8,28.6,28,28.7,41.5,17.2,27.1,23.3,60.9,13.6,25.6,31.4,17.2,23.2,25.5,57.8,40.3,7,33.2,11.3,34.1,45,37.1,47.2,26,16.1,46.3,43.4,29.7,25.3,23.8,32.3,58.9,30.1,29.9,38.4,18.8,31.8,34.4,31,20.3,21.9,17.8,20.4,44.7,41.9,30.3,43.5,29.2,17.1,23,44,21.6,41.7,51.8,28.6,24.3,26.8,33.1,33.8,28.3,31,29.6,42.1,33.9,18.1,12.4,27.3,33.8,40.6,28.7,54.2,10.4,30.9,12.7,36.8,15.9,68.8,23.5,24,35.6,19.2,16.1,45,37.8,26.3,28.6,17.6,27,21.3,15.3,32.9,16.4,28.2,23,36.6,21.5,32.5,42.3,25.4,64.1,41.8,33,25.7,32.9,22.1,30.1,43.7,12.6,47.3,59.8,28.5,46.5,41,36.2,13.6,43.1,34.8,23.9,28.6,40.2,21.6,29.1,24.1,24.9,33.9,18.8,38.9,53.3,40.7,36.4,26.3,45.9,38.1,22.4,29.2,17.8,24,19.9,13,30.2,40.6,34.8,42.1,35.7,20.6,31.5,16.6,35.6,29.4,28.7,31.1,48.9,37.5,42.4,69.2,6.5,48.5,35.2,53.4,24,12.2,38.4,36.6,31.4,17.6,59.9,21.1,12.6,63.9,51.6,22.1,20.6,37.8,36.2,9.6,38.2,34.3,56.2,27.9,26.9,32.6,21.5,24.9,35,31.6,11,30.3,43.6,13.7,29,28.1,22.4,40.4,32.3,32.4,44.7,10.5,18.6,21.1,59.5,43.8,41.3,28.8,33.4,48.3,51.4,25.1,47.2,42.4,31.3,19.1,26.9,31.9,14.6,56.4,29.8,17.7,20.7,18,55.5,43.7,23.9,33.9,40.1,21.8,20.5,34.7,13.3,15,12.6,33.1,40.2,13.3,35.8,22.6,49.2,54.2,68.5,15.2,36.1,24.3,28.7,16.8,61.2,38.7,41.1,35.7,29.1,45.5,36.1,53.8,37.1,23.8,30.2,27.4,23.9,45.4,42.8,24.7,14,36.1,20.1,56.1,27.1,34,19.6,28.3,47.7,28.8,14.1,23.2,22.8,25.5,30.3,41,20.9,37.2,32.3,17.1,42.6,26.8,15.8,52.1,35.4,30,22.6,47.6,36.2,21,45.5,20,41.8,16.3,15.8,30.6
5,18.6,40.8,28.3,48.7,32.9,36.2,38.7,27.1,38.3,22.1,29.8,30.4,60.9,14.6,22,29.3,24.3,21,27.8,59.7,35,10.5,35.2,13.2,41,43.4,35.1,54.4,27.4,14.7,54.9,46.1,24.4,29.5,25.2,33,47.7,34.2,34,33.5,21.7,33,28.2,26.6,29.9,25.4,14.9,21.2,43.4,48,34.2,33.9,34.3,18.3,26.7,37.3,23.1,41.2,43.9,35.4,33.7,21.6,35.1,30.7,31.2,32.6,35.8,38.2,32.9,18.5,13.4,30.4,32.3,32.2,36,53.4,12.6,33.5,13.6,41.6,14.5,77.5,27.2,23.6,43,18.2,13.9,50.5,38.9,23.4,33.5,22.2,30.7,27.9,20.1,37.7,21.6,32.4,28.1,36.8,20.8,27.5,46.1,19.3,71.1,47.2,35.5,24.5,33,30.1,27.3,42.2,18.9,43.8,50.9,32,48.5,41.5,40.2,20.7,41.5,38.4,24.2,32.3,41.2,17.3,26.1,21.4,30,34.9,17,34.6,54.4,45.9,41.6,32.3,36.7,39.9,22.2,31.8,16,28.5,21.1,17.1,38.5,33.3,41.8,43.6,29.8,23.5,30.5,17.6,36.6,35.5,30.3,31.5,44.2,46.4,55,67.5,9.2,53.8,48.4,54.4,27.2,14.1,42.7,33.7,34.4,17.8,55.4,25.1,12.8,69.2,57.4,20.3,21.6,45.5,29.9,10.5,37.7,31.9,55.1,25.8,20,27.2,26.2,26.3,39.5,31.5,10.3,30.5,47.8,15.8,28.7,33.2,17,40.7,35.9,30.7,39,15.4,19.5,21.2,61.3,54.1,41.6,28.1,33.9,47.3,47.8,26.2,46.9,45.9,31.6,28.2,24.2,28,19.1,63.2,27.4,19.9,14,17.4,63.4,47.2,24.2,28.7,38.6,22.7,19.6,33.9,10.2,12.2,15.1,31,36.3,15.8,30.3,17.3,53.2,52.9,62.3,14.9,40.6,23.2,24.7,17.2,58.6,33.2,39.3,41.4,42.4,35.4,34.2,44.6,34.2,19.6,31.8,25.6,25,52.8,39.8,28.1,15,40.8,24.9,57.5,23.7,39.2,19.6,28.1,48.5,31.4,14.8,22.7,29.1,27.1,25.9,44.4,15.4,40,41.5,17.4,31.9,29.6,15.9,52.7,31.3,31.4,21.8,48.3,39.5,22.4,50.2,15.7,45.9,12.5,17.2,31
5,24.1,34.5,37.6,47.5,35.3,34.7,26.1,22.5,28.6,16,33.3,28.9,28.9,20.4,13.9,22.2,27.7,23.5,30.5,41.2,23,13,26.4,23.4,54.8,36.3,32,40.4,26.8,27.5,39.9,31.9,18.5,28.1,40.9,34.9,32.2,47.2,30.3,17.5,9.2,29.1,19.4,19.4,25.4,37.6,20,24,41.3,32.7,37.9,21,41.3,35,23.9,25.9,26.2,45.2,33.4,29.4,27.2,17.6,26.2,29,29.2,18.8,27.3,42.5,22.5,8.4,15.2,39.5,20.3,29.8,27,43.6,19.2,29.5,19.8,48.5,17.4,66.1,34.8,19.6,47,25.1,12.9,44.8,45.9,12.9,28.5,29.2,42,25.8,24.4,44.6,16.7,26.1,41,19.7,27.2,36.5,41.5,22.1,54.9,51.4,28.1,22.7,21.6,25.9,35.8,36,8,49,28.4,27,32.6,35.5,33.9,18.8,27.5,34.9,28.9,33.1,31.7,17.9,28.4,19.1,44,34.5,18,31.3,43.4,27.1,39.4,27,33.4,31,34.7,23.3,16.1,25.8,18.3,16.5,43.5,29.3,39.7,45.1,30.5,27.2,28.9,24.7,37.9,26.7,20.7,26.4,24.8,40.8,42,46.1,12.6,46.3,40.9,48.5,38.2,11.7,38.6,23.6,28.4,6.8,38.8,28.5,14,58.8,64.9,26.5,20,27.4,11.9,13.2,43.1,36.1,48.4,32.2,23.5,31.8,27.7,26.3,30.5,22.4,12.8,20.8,33.1,18.2,44.4,17.7,13.6,33,42.7,35.1,36.7,22.6,13.8,27.5,46.1,65.3,53.9,20.6,31.3,54,36.5,20.1,32.3,38.6,30.9,20.8,15.8,22.8,19.7,41.5,25.9,13.5,13.1,12.6,54.3,36.7,17.8,21.6,21.5,19.6,27.5,29.1,17.3,11.1,22.1,32.5,40.1,21.5,23.4,15.2,70.2,51.4,39.8,14.1,31.1,25.9,17.9,19.4,30.4,36.1,34.5,45.3,37.5,36,24.8,29,23.8,19.5,30,32.7,17.8,32.4,41.1,35.7,28.3,37.7,21.4,37.1,29.9,41.1,25,17.7,53,32,20.6,18,25.7,28.3,22.4,34.5,14.3,42.8,38.5,29.2,29.4,26,14.8,34.4,30.1,35.6,30.3,51.8,35.9,30.7,46.9,27,34.3,15.5,23.8,33.7
5,16.8,39.7,28.9,49,35.1,40.2,30.4,29.5,37.5,21,26.8,23.6,66.2,16.3,24.3,30.2,16.9,22.5,28.1,57.6,37.8,7.4,34,13.3,36.2,44.8,39.1,52.3,30.3,17,52.1,44.4,32.3,30.1,26.7,29.9,57,34.7,33.5,34.4,21.1,32.4,34.3,27.2,29.8,24.9,18.1,21.8,49.7,42.7,35.7,40.7,32.2,19,26.8,43.9,23.1,41.9,52.9,29.7,31,27.7,31.3,35.9,30.9,33,32,41.5,30.1,17.5,16.1,30.7,36,33.6,32.1,57.2,11.2,30.7,14,37.5,16.8,76.3,22,27.6,39.3,20.5,14.9,47.8,39.7,23.7,33.4,19.7,29.1,25.3,14.5,34.3,20.2,30.7,23.5,41.1,20.2,35.9,40.7,23.5,75.4,42.8,32.9,24.6,35.3,27.3,35.4,40.3,15.7,44.3,56.5,30.6,45.9,42.5,36.6,17.5,42.5,40.4,27.1,33.4,36.9,19.3,33.9,23.5,27,36.8,18,36.1,57.3,42.5,42.3,30.3,45.3,37.5,26.8,30.6,17.9,27.4,22.5,14.9,34.7,39.8,35.3,46.2,33.6,22.5,29.5,16.3,34.7,36.3,28.4,36.1,53.2,39.8,46.1,73.8,7.2,49.2,41.3,54.2,31.5,13.2,39,35.8,34,16.6,55.4,27.9,13.7,66.5,54,21.9,18.7,44.2,38.5,13.4,38.5,38,60.8,29.7,25.6,32.9,24,26.6,37.5,33.8,10.7,28.7,43.1,15.9,34.6,31.1,19.8,41.2,31.4,29.4,44.9,10.5,16.7,21.2,61.9,47.1,40.3,28.9,35.3,47.6,50.3,26.8,51.2,45.6,30.9,19.6,26.5,32.6,14.6,64.5,26.7,21.4,15,15.7,63.1,43.5,22.4,29.4,40.5,26.4,22,34.2,10.2,13.7,12.3,35.1,36.8,15.1,36.4,21.1,49.1,62.5,68.7,15.3,35.9,22.8,25.8,17.2,56.3,35,37.8,41.4,33.6,40.5,36.6,52.3,29.6,21.7,33.5,29,25.9,45.6,45.7,25.9,15.6,36.9,21.6,54.1,28.5,35.7,22.1,29.8,51.1,31.7,12.1,29.6,26.5,21.6,26.6,43.1,14.5,39.9,38.2,19.9,40.6,26,16,59,30.2,29.3,21.9,48.8,39.3,22,50.7,19.3,49,13.3,13.9,30.5
5,25.6,44.7,36.1,51.8,39.2,34.4,30.7,22.2,36.7,19.1,38.8,28.3,33.7,15,14.5,22.3,40.7,24.1,34.7,45.2,24.9,9.6,27.6,20.3,46.2,45.6,38.9,38.4,28.8,22.7,42.4,34.3,17.5,38.3,44.3,40.6,32.3,52.4,35.8,16.7,11.9,36.9,18.5,21.1,24.7,39.3,23.3,24.3,46.4,43,41.8,20.8,46,26.4,23,24.6,26.2,53.8,33.6,29.5,31.6,16.4,29.7,36.3,33.1,20.9,29.3,39.4,25.4,8.2,17.7,40.2,24.3,34.9,28.8,40.8,13.1,34,15,54.3,14.8,78,35.7,22.6,53.2,22.6,11.8,48.2,45.1,12.4,35.1,34.6,40,24.7,26.9,46.7,20.9,26.8,36.7,25.7,29.1,33.4,39.7,21.2,58.2,48,30.2,24.5,24,30.1,30.1,37.4,13.8,45.8,28,31.8,37.6,35.4,42.1,24.5,30.1,34.8,27.5,39.5,33.8,17.8,30.7,22,37.1,37,17.3,33.6,49.6,27.7,44.3,27.5,32.3,38.1,33.4,27.8,15.5,23,20.7,16,50.4,32.5,49.5,44.5,26.1,29.5,25.6,19.1,41.3,31.6,22.8,28.3,24.4,45,51.7,57.2,10.5,54.2,48.9,58.8,32.2,15.2,43.9,21.4,35.2,6.8,38.9,25.6,14,56.5,56.3,26.3,22.3,37.2,13.7,15.6,40.8,30.8,53.1,29.3,21.7,30.3,28,21.9,31.6,24.5,10.5,28.6,35.4,14.3,47,24.5,12.4,41.2,39.6,33.6,43.5,26.1,16.1,28.3,53.9,71.3,49.2,24.5,34.7,52.5,44.5,20.8,36,40.3,26,30.3,19.1,27.2,17,48.9,25.8,17.6,15.3,13.1,63.9,40.2,23.4,18.8,23.7,15,22.5,31.1,15.9,8.8,24.9,34.9,36.7,26.2,22.9,17.7,77,51.5,51.1,17.5,34.5,26.1,17.7,14.5,36.6,30.8,31.6,48.3,40.5,38,29.7,31.1,26.2,17.8,35.3,40.3,16.8,34.3,40.9,38.6,25.3,48,22.6,37.4,27.6,46.3,21.1,20.8,46.1,42.2,20.1,18.3,30.2,29.3,18.2,44.2,15.2,49,45.5,23.6,31.2,25.3,17.8,44.3,29.2,34.7,28.3,56.4,41,34.6,46.9,25.3,33.7,13.5,18.8,32.2
5,25.6,44.7,36.1,51.8,39.2,34.4,30.7,22.2,36.7,19.1,38.8,28.3,33.7,15,14.5,22.3,40.7,24.1,34.7,45.2,24.9,9.6,27.6,20.3,46.2,45.6,38.9,38.4,28.8,22.7,42.4,34.3,17.5,38.3,44.3,40.6,32.3,52.4,35.8,16.7,11.9,36.9,18.5,21.1,24.7,39.3,23.3,24.3,46.4,43,41.8,20.8,46,26.4,23,24.6,26.2,53.8,33.6,29.5,31.6,16.4,29.7,36.3,33.1,20.9,29.3,39.4,25.4,8.2,17.7,40.2,24.3,34.9,28.8,40.8,13.1,34,15,54.3,14.8,78,35.7,22.6,53.2,22.6,11.8,48.2,45.1,12.4,35.1,34.6,40,24.7,26.9,46.7,20.9,26.8,36.7,25.7,29.1,33.4,39.7,21.2,58.2,48,30.2,24.5,24,30.1,30.1,37.4,13.8,45.8,28,31.8,37.6,35.4,42.1,24.5,30.1,34.8,27.5,39.5,33.8,17.8,30.7,22,37.1,37,17.3,33.6,49.6,27.7,44.3,27.5,32.3,38.1,33.4,27.8,15.5,23,20.7,16,50.4,32.5,49.5,44.5,26.1,29.5,25.6,19.1,41.3,31.6,22.8,28.3,24.4,45,51.7,57.2,10.5,54.2,48.9,58.8,32.2,15.2,43.9,21.4,35.2,6.8,38.9,25.6,14,56.5,56.3,26.3,22.3,37.2,13.7,15.6,40.8,30.8,53.1,29.3,21.7,30.3,28,21.9,31.6,24.5,10.5,28.6,35.4,14.3,47,24.5,12.4,41.2,39.6,33.6,43.5,26.1,16.1,28.3,53.9,71.3,49.2,24.5,34.7,52.5,44.5,20.8,36,40.3,26,30.3,19.1,27.2,17,48.9,25.8,17.6,15.3,13.1,63.9,40.2,23.4,18.8,23.7,15,22.5,31.1,15.9,8.8,24.9,34.9,36.7,26.2,22.9,17.7,77,51.5,51.1,17.5,34.5,26.1,17.7,14.5,36.6,30.8,31.6,48.3,40.5,38,29.7,31.1,26.2,17.8,35.3,40.3,16.8,34.3,40.9,38.6,25.3,48,22.6,37.4,27.6,46.3,21.1,20.8,46.1,42.2,20.1,18.3,30.2,29.3,18.2,44.2,15.2,49,45.5,23.6,31.2,25.3,17.8,44.3,29.2,34.7,28.3,56.4,41,34.6,46.9,25.3,33.7,13.5,18.8,32.2
5,25.6,44.7,36.1,51.8,39.2,34.4,30.7,22.2,36.7,19.1,38.8,28.3,33.7,15,14.5,22.3,40.7,24.1,34.7,45.2,24.9,9.6,27.6,20.3,46.2,45.6,38.9,38.4,28.8,22.7,42.4,34.3,17.5,38.3,44.3,40.6,32.3,52.4,35.8,16.7,11.9,36.9,18.5,21.1,24.7,39.3,23.3,24.3,46.4,43,41.8,20.8,46,26.4,23,24.6,26.2,53.8,33.6,29.5,31.6,16.4,29.7,36.3,33.1,20.9,29.3,39.4,25.4,8.2,17.7,40.2,24.3,34.9,28.8,40.8,13.1,34,15,54.3,14.8,78,35.7,22.6,53.2,22.6,11.8,48.2,45.1,12.4,35.1,34.6,40,24.7,26.9,46.7,20.9,26.8,36.7,25.7,29.1,33.4,39.7,21.2,58.2,48,30.2,24.5,24,30.1,30.1,37.4,13.8,45.8,28,31.8,37.6,35.4,42.1,24.5,30.1,34.8,27.5,39.5,33.8,17.8,30.7,22,37.1,37,17.3,33.6,49.6,27.7,44.3,27.5,32.3,38.1,33.4,27.8,15.5,23,20.7,16,50.4,32.5,49.5,44.5,26.1,29.5,25.6,19.1,41.3,31.6,22.8,28.3,24.4,45,51.7,57.2,10.5,54.2,48.9,58.8,32.2,15.2,43.9,21.4,35.2,6.8,38.9,25.6,14,56.5,56.3,26.3,22.3,37.2,13.7,15.6,40.8,30.8,53.1,29.3,21.7,30.3,28,21.9,31.6,24.5,10.5,28.6,35.4,14.3,47,24.5,12.4,41.2,39.6,33.6,43.5,26.1,16.1,28.3,53.9,71.3,49.2,24.5,34.7,52.5,44.5,20.8,36,40.3,26,30.3,19.1,27.2,17,48.9,25.8,17.6,15.3,13.1,63.9,40.2,23.4,18.8,23.7,15,22.5,31.1,15.9,8.8,24.9,34.9,36.7,26.2,22.9,17.7,77,51.5,51.1,17.5,34.5,26.1,17.7,14.5,36.6,30.8,31.6,48.3,40.5,38,29.7,31.1,26.2,17.8,35.3,40.3,16.8,34.3,40.9,38.6,25.3,48,22.6,37.4,27.6,46.3,21.1,20.8,46.1,42.2,20.1,18.3,30.2,29.3,18.2,44.2,15.2,49,45.5,23.6,31.2,25.3,17.8,44.3,29.2,34.7,28.3,56.4,41,34.6,46.9,25.3,33.7,13.5,18.8,32.2
5,19.5,44.4,33.6,52.9,34.3,38.2,36.2,29.6,39.6,19.9,33.3,29.5,53.3,17.6,18.7,30.8,31.2,25,35,56.3,30.6,10.6,33.9,19.9,46.1,47.1,40.7,49.7,27.1,19.7,51.3,38.1,19.2,43.6,39.7,39.5,44.3,49.7,36.8,23.8,17.4,35.3,23,27.3,29.8,34.2,20.5,18.3,45.7,48,44.2,28.1,50.8,28.4,28.9,32.9,28.9,50.2,44.1,36.6,36.8,15.4,34.6,39.8,32.7,28.3,33.7,44.8,30.1,15.1,18.5,37.2,32.8,31.5,32.5,42.6,14.5,33.2,15.1,50.6,14.4,81.6,32.4,22.3,49.8,21.2,13.2,55.2,43.9,19,36.8,27.3,32.9,26.2,27.1,48.7,22.5,32.6,34.5,37.7,27.7,32.3,38.5,20.9,73.8,49.3,36,28.2,25.5,32.5,31.1,34.2,14.8,49.1,46.3,31.2,48.1,39.6,44.2,27.1,38.6,32,27.2,43.9,42.7,18,30.3,20.7,34.4,37.3,14.8,37,59,35.4,44.3,33.2,38.1,36.5,28.7,29.7,14,29.8,18.4,15.9,42,30.5,46.4,47.2,29,33.5,30.8,20.5,37.3,35.7,27.9,33.1,33.1,53.7,55,73.2,11.1,50.6,54.6,56.8,29.5,14,46.1,27.5,38.5,16.4,53.5,27.6,14.2,66.9,56.8,24.8,20.1,44.3,21.1,15.4,39.8,33.3,64.4,30.9,21.6,33.2,33.1,22.4,38.7,29.5,8.1,26,49.7,13.1,39.9,32.3,15.4,42.8,35.1,32.9,43.5,20.1,22.2,24.7,58.4,65,41.8,24.7,32,49.9,47.6,25.1,41.7,48.3,30.6,33.2,21.3,31,18.3,54.9,23.7,17.6,14.7,11.3,68.3,49.1,23.2,18.6,31.3,22.2,22.8,32.5,10,11.6,18.2,39.2,33.8,22.7,25.1,19.5,66.2,57.6,60.1,19.4,35.5,28.5,19.3,16.3,52,34.1,36.2,52.4,38.4,40.7,31,46,34.4,20.1,37.7,36.5,19.4,47.7,43.7,32.4,20.5,53.7,22.7,45.3,27.4,41.3,22.6,22.2,51.2,43.3,13.8,22.9,32.3,28.2,18.4,45.7,17,48.5,47,28.2,34.8,26.3,15.7,50.8,25.2,30.6,23.4,55.1,46,27.1,53.1,23.6,43,11.5,21.3,31.1
5,19.5,44.4,33.6,52.9,34.3,38.2,36.2,29.6,39.6,19.9,33.3,29.5,53.3,17.6,18.7,30.8,31.2,25,35,56.3,30.6,10.6,33.9,19.9,46.1,47.1,40.7,49.7,27.1,19.7,51.3,38.1,19.2,43.6,39.7,39.5,44.3,49.7,36.8,23.8,17.4,35.3,23,27.3,29.8,34.2,20.5,18.3,45.7,48,44.2,28.1,50.8,28.4,28.9,32.9,28.9,50.2,44.1,36.6,36.8,15.4,34.6,39.8,32.7,28.3,33.7,44.8,30.1,15.1,18.5,37.2,32.8,31.5,32.5,42.6,14.5,33.2,15.1,50.6,14.4,81.6,32.4,22.3,49.8,21.2,13.2,55.2,43.9,19,36.8,27.3,32.9,26.2,27.1,48.7,22.5,32.6,34.5,37.7,27.7,32.3,38.5,20.9,73.8,49.3,36,28.2,25.5,32.5,31.1,34.2,14.8,49.1,46.3,31.2,48.1,39.6,44.2,27.1,38.6,32,27.2,43.9,42.7,18,30.3,20.7,34.4,37.3,14.8,37,59,35.4,44.3,33.2,38.1,36.5,28.7,29.7,14,29.8,18.4,15.9,42,30.5,46.4,47.2,29,33.5,30.8,20.5,37.3,35.7,27.9,33.1,33.1,53.7,55,73.2,11.1,50.6,54.6,56.8,29.5,14,46.1,27.5,38.5,16.4,53.5,27.6,14.2,66.9,56.8,24.8,20.1,44.3,21.1,15.4,39.8,33.3,64.4,30.9,21.6,33.2,33.1,22.4,38.7,29.5,8.1,26,49.7,13.1,39.9,32.3,15.4,42.8,35.1,32.9,43.5,20.1,22.2,24.7,58.4,65,41.8,24.7,32,49.9,47.6,25.1,41.7,48.3,30.6,33.2,21.3,31,18.3,54.9,23.7,17.6,14.7,11.3,68.3,49.1,23.2,18.6,31.3,22.2,22.8,32.5,10,11.6,18.2,39.2,33.8,22.7,25.1,19.5,66.2,57.6,60.1,19.4,35.5,28.5,19.3,16.3,52,34.1,36.2,52.4,38.4,40.7,31,46,34.4,20.1,37.7,36.5,19.4,47.7,43.7,32.4,20.5,53.7,22.7,45.3,27.4,41.3,22.6,22.2,51.2,43.3,13.8,22.9,32.3,28.2,18.4,45.7,17,48.5,47,28.2,34.8,26.3,15.7,50.8,25.2,30.6,23.4,55.1,46,27.1,53.1,23.6,43,11.5,21.3,31.1
5,20.5,39.6,32.6,53.5,34.2,30.2,32,22.8,34.9,17.4,31,27.3,43.9,15,15.1,22.5,31.6,19.1,30.6,46.6,23.7,10.7,29.4,19.9,47,44,34.4,40.8,32.4,21.1,46.3,31.5,13.6,36.9,36.1,33.8,34.3,47.8,30.8,17.3,14.6,30.2,21.5,19.8,24.2,32.2,19,17.4,38.9,39,44,23.2,42.7,27.2,24.2,21.4,24.8,47.3,39.6,30.7,27.4,14.4,30.6,33.8,27.8,21.7,29.3,42.5,24.6,10.1,17.5,32.4,29.9,30.8,31.7,43.7,12.1,30.9,12.7,49.6,13.2,69.8,27.7,18.1,52,18.6,10.4,43.4,43.2,14.8,33.3,25.7,32.8,23.2,26.7,43.2,20.6,22.8,34.1,29.5,24.8,29.1,35.9,19.5,62.6,48.3,32.9,25.1,22.8,29.2,30.8,31.8,13.5,49.5,32.5,28.6,35.9,35.3,35.8,25.9,32,32.1,23,38.8,34.7,16.4,24.5,20.6,31.2,35.6,15.9,36.8,45.6,31.1,39.5,27.4,31.6,32.1,28,26.8,14.6,23.1,18.8,14.5,45,27.4,45.2,43.1,24.6,26.8,25,14.8,32.4,31.9,24,27.1,22.2,46.1,46.3,56.1,7.5,50.9,45.8,51.8,27.1,13.8,44.1,20.6,31.5,11.6,45.4,29.2,13.1,60.4,52.2,20.5,21.3,41,16.1,14.8,36.9,30.2,51.7,25,18.5,30.8,31.1,21.6,31.8,26.4,10.6,24.2,36.4,12,38.4,28.4,12.5,39.6,35.3,30.5,41.1,23.8,15.3,24.2,48.7,62.1,45.1,24.7,35.1,45.1,40.6,23,33.8,39.7,23.6,27.7,14.3,21.8,14.1,44.1,22.5,17,12.8,11.5,62.7,42.2,22.1,20.9,24.7,19.8,19.8,25.2,10.5,8.1,25,32.3,30.3,22.5,23.2,13.9,67.7,48.8,43.1,15.5,32.8,22.1,17.7,10.9,39.7,28.9,33.6,44.2,40.1,38.8,28.1,34.5,27.3,15.1,34.1,34,17.4,32.3,37.1,30.8,22.8,44.2,20.7,37.5,28.7,38.6,18.7,20.5,49.8,45.3,15.1,18,28.6,23,13.1,42.3,15.4,49.8,40.1,21,24.7,25,14.6,42.1,29.3,32.1,19.5,43.6,38.2,28.2,47.8,20.5,33,13.6,19.3,29.6
5,19.2,48.7,31.4,48.2,33.2,36.2,33.9,26.5,40.1,18.3,28.8,29.9,54.5,17.1,19.8,24.5,20,20.6,32.6,51.1,28.6,9.8,36.1,13.6,43.5,42.4,37.5,52.7,29.1,16.7,55.7,40.9,22.7,33,29.3,34.3,49.4,38.5,32.8,30.7,18.8,32.4,28.4,25.2,31.3,27.3,16.5,19.4,48,46.6,35.6,34.6,37.4,19.2,24.9,33.8,24.5,45.9,43.7,30.9,33,18.7,36,34.3,32.5,26.7,34.2,40.1,32,16.3,12.1,26,34,31.5,34.1,48.3,11.8,29.7,12.6,42.4,12.1,72.3,21.2,26.7,45.5,17.9,13.1,50.9,38.4,22.1,33.6,20.5,26.8,24.2,18.6,40.4,19,25.4,23.9,38,21.6,28.6,43.3,19.5,63.1,47,39.3,25.3,29.9,28.1,28.9,35.4,16.7,41.6,50.8,30.7,46.3,42.9,38.7,23.7,37.1,38.1,23.2,37,40.8,17.7,29.3,18.7,29.2,31.7,12.8,35.1,54.8,41.8,44.9,31.5,34.8,36.8,23.7,30.5,17.6,26.3,17,15.1,34.4,36.2,39.4,41.6,30.8,22.6,28.7,18.5,34.2,37.2,24.6,32.4,35,47.4,50.3,68.9,7.8,51.1,49.6,56.8,26.5,16.2,42.3,30,35.3,15.1,56.8,23.6,11.9,72,50.9,20.3,19.9,45,23.8,12.9,36.6,29.7,59.9,24.8,20.4,26.4,26.6,27.5,40,30,11.4,27.4,45.4,10.6,32.7,33.2,13.6,37.2,28.7,29,42.3,13.8,17.6,19.7,63.7,54.2,40.2,30.9,29.5,46.2,44.4,24.2,45.5,49.1,27.3,30.7,24.2,29.3,16.7,57.1,22.8,16.5,10.9,12,68.6,49,19.4,24.2,36.3,22.1,18.9,33.9,11.4,10.5,13.4,34.5,36.4,18.5,31.6,18.4,49.2,54.9,66.4,15.8,36.4,22.9,21.6,13.7,58.1,34.5,38.6,44.7,39,37.7,31.9,47.8,32.3,18.5,31.7,27.3,22.6,47.2,40.3,25.3,14.9,41.5,21.9,49.7,24.5,42.6,19.3,26.7,51,36.1,12.2,26.6,29.6,26.5,22.8,45.4,16.3,42.9,38,21.6,32.5,28.5,16,49.8,34.1,29,22.5,45.2,41.7,20.9,55,16.3,40.2,9.2,20.6,30.5
5,24.3,40.3,36.6,58.9,35.6,33.4,31.8,22.6,38.8,21.2,37.6,27.3,35.1,11.8,16.4,23.8,33.8,19.9,37,47.2,25,10.9,29.3,20.8,49.8,43.3,35.6,43.1,34.1,20.5,41.6,36.6,16.8,41.5,44.4,36.6,32.5,51.9,32,19.8,13,33.2,19.8,20.3,23.5,38.1,19.3,18.4,44.8,45.5,41,22.9,47.7,27.8,19,23.9,27.3,52.7,35.4,35.8,32.9,16.5,29.4,35.8,33.6,17.7,34.3,41.3,23.4,7.9,14.4,36.7,24.6,34.7,32,42.4,14.1,35.4,14.4,45.5,15.5,72.8,30.7,23.3,55.5,22.2,11.4,47.2,47.1,16.4,31.5,27.9,38.5,25.3,28.1,45.3,18.9,26.7,38.3,27.5,29.7,29.9,42,23.9,57.4,50.8,29.6,22.9,21.2,27.8,27.1,34.8,12.9,46.8,28.6,31,37.9,33.9,43.4,25.3,35.4,33.5,26.8,40.3,31.1,17.7,26.6,20.6,32.1,33.1,17.7,35.9,50.2,31.9,47.3,28.9,30.3,37.5,33.6,27.1,16,22.8,19.2,18.4,45.4,30.7,51.9,45.6,25.3,26.6,27.6,18.3,37.4,30.5,22.6,29,26,44.7,52.1,61.9,8.2,55.3,52.3,53.3,32.9,16.7,48.5,18.8,34.6,9.5,43.6,25.8,14.1,60.2,51.2,25.1,22,40.7,15,15.3,37.7,35.8,52.9,28.1,19.7,28.3,32.3,24.7,34.8,23.5,11.1,23.7,32.7,12.2,42.5,26.4,14.3,40,36.7,29.9,40.8,20.9,16.1,25.8,49.6,63.8,50.1,26.6,33.2,51.3,41.9,23.1,36.1,39.7,27.8,28.7,17.2,24.4,14,49.8,24.6,17.2,14.5,13.5,65.4,45.2,19.5,21.4,23.1,21.2,19.7,30.4,12.4,7,24.4,36.9,34.2,22.3,25.3,20.1,73.8,53.3,50.4,16.5,35.8,22,18.1,13.1,44.4,32.3,31.9,51,47.2,38.8,27.4,34,26.9,15.4,39.4,37.4,22,36.4,41.9,31.3,20.4,47.8,21.7,35.7,25.8,46.5,20.3,19.3,49.8,47.4,18.1,17.3,29.5,28,18.9,46,16.6,49.8,43.2,25.5,27.9,26.3,16.2,43.2,30.3,32.4,28.9,52.1,41,34.6,51.9,23.6,35.1,14.5,18.6,30.3
5,25.5,38.9,35.9,54.1,36.4,34.3,31.4,23.9,39.8,19.3,35.7,33.1,37.3,15.7,13.8,27.1,35.1,18.3,33.8,42.4,25.1,10.6,26.9,19.7,47.4,45.1,37.1,41.6,35.3,21.5,49.2,32.7,17.7,37.7,42.5,39.7,35.5,52.9,33.4,17.6,12.1,33.2,23.9,22.4,25.8,35.8,20,21.8,44.9,46.1,44.3,26.5,46.1,28,21.5,25.7,28.6,54.6,35.2,32.7,32.1,18.3,31.3,32.9,34.1,19.5,32.3,41.6,27,9,16,37.6,27.3,38.5,31.2,41.9,15.7,33.1,14,50.5,16.1,77.3,31.2,26.6,54.7,23.3,13.5,44.2,42.1,13.8,32.8,29.1,36.9,23.5,30.4,45,18.9,30.2,38.4,26.5,26.1,30.3,39.7,24.8,59.3,47.3,32.8,24.4,26.3,32.1,32,34,12.6,48.6,30.4,30.9,38.8,39.5,39.5,27.1,30.1,36,27.3,41.5,33.8,20.6,30.5,20.3,32.7,34.9,15,32.7,44.8,35,45.9,30,28.5,37.5,35.4,28,15.5,27.8,19,17.4,48.2,30.7,48.5,49.2,24.9,28.6,23.6,18.9,36.5,28.2,23.6,28.3,22.3,40.6,52.7,57.1,7.5,49.7,54.1,52.8,29.2,17.8,45.7,18.5,32.5,9.5,43.8,26.9,12.2,57.2,55.7,23.4,22.3,43.3,16.4,14.9,40.4,31.5,53.9,31.3,22.2,30.2,32.9,23.4,34.5,24.5,13.7,24.6,37.5,15.3,41.5,28.2,15.9,38.5,36.1,33.8,43.9,23.8,15.5,27.8,54.7,65.2,51.9,27.4,37.1,55.2,41.5,23.1,37.5,44.4,26.2,28.3,17.5,23.6,18.1,48.9,24.4,16.4,15.1,13.6,64,44.8,19.2,23.2,26.1,20.8,17.3,28.6,15.7,10.1,23.2,33.3,33.7,25.3,23.9,17.9,69.3,49.8,44.6,16,37.1,22.7,22.3,13.4,41.1,31.2,35.3,50.3,42.7,37.7,28.6,36.2,30.8,15.8,34.4,37.3,21,36.5,43.2,35,22.4,50.3,21.7,43.6,30.7,44.1,20,18.6,48.6,40.7,20.6,17.5,27.5,29.2,19.6,44.9,15.1,50.1,40.6,24.8,28.2,26,14.7,38.8,28.2,33.7,28.3,48.5,37.1,34.6,53.7,26.2,34,13.3,21.7,30.6
5,18.2,42.9,28.6,47,35.4,38.7,34.4,30.2,38.5,21.2,30.2,31,60.6,15.8,21.3,31.9,22.7,25.3,29.5,53.7,36.3,8.1,34.8,15.3,40.5,44.9,41.2,49.8,28.8,18.7,54.5,43.3,27.4,34.2,33.5,37.7,50.5,45.1,39,27.2,20.6,37.9,29.4,29.5,29.6,27.6,19.1,19.4,44.1,48.6,43.9,31.1,42.3,21.5,31.3,34.3,25.6,47,49.8,30.6,33.3,23.8,34.1,35.7,30.1,31.9,35.1,49.2,31.4,17,17.9,36.4,39.4,34.6,32.5,47,16.1,32.3,15.9,47.5,16.4,80.6,28,27.4,45.7,18.5,15.7,50.2,43.3,20.9,33.6,24.6,32.5,30.1,20,40.4,23.9,29,28.1,39.6,23.5,36.2,37.9,25.3,77.7,45.7,36.6,25.8,37,31.2,31.3,37.4,11.3,45.8,43.4,32,52.6,44.9,38.1,22.6,39.4,37.7,28.6,38.9,40.7,18.7,29.3,19.9,30.6,36.2,18.6,34.3,58.5,36.9,44.1,32.4,39.1,44.2,28.2,33.5,20.3,26.7,19.2,17,42.9,40,44.1,41.9,39.1,26.8,31.4,19,34.1,36.3,26.9,35.3,44.3,46.5,50.7,73.3,9.7,50.9,49.6,61.2,30.9,13.6,44.9,30.1,41.8,16.9,57.3,29.6,16.1,66.9,57.3,25.3,18.7,47.8,29.1,13.9,33.3,33.1,62,29.2,24,32.7,28.5,24.5,38.6,32.6,10.2,31.7,44,18.4,34.2,30.7,18.7,41.8,38.4,30,46.8,16,16.3,21.9,62.3,54,41.6,26.1,35.3,46.4,51.4,26,44.6,48.9,29.4,26.4,22.8,36.1,14.4,64.4,23.5,16.8,15.5,13.3,70.4,53,20.9,23,36.2,22.7,24.7,41.8,12.4,11.9,15.5,36.8,31.7,15.3,31.2,20.8,57.5,56.6,66,17.8,34.9,31.9,24.1,17.6,51.1,35.3,37.9,48.1,37.7,38.3,33,51.5,33.4,21.1,37.6,37,19.6,42,43.9,35.1,16.9,45.4,21,49.1,26.3,38.7,23.6,24.5,52.8,42.1,14.3,29.5,31.2,28.3,26.9,41.7,14,41.1,44.6,22.2,37.9,28,14.9,55,29.4,32.3,21,51.4,41.7,22.8,49.6,21.4,47.9,10.6,13.9,30.9
5,24.5,40.3,27.5,44.5,42,42.7,35.4,28.8,52.3,18.9,34.7,26.5,54.4,21.3,19,33.9,22.8,19.2,31.8,55,46.5,10.1,29.8,17.6,51.9,43,49.1,52.6,35.9,18.8,40.9,37.5,32.7,31.3,33.1,40.2,44.7,42,32.2,28.2,8.9,29.9,27.3,35.4,21.7,27.2,16.8,27.1,57.5,43.7,38.9,45.3,37.8,17.3,29.2,45.9,29.4,48.6,46.1,32.7,26.1,31,24.3,31.7,34.5,31,25.6,40.7,42.1,14.8,15,37.9,30.3,39.8,28.4,59.2,14.9,30.3,16.5,42.4,16.2,75.3,24,26.2,31.9,24.7,27.8,48.3,42,17.9,30.4,28.2,47.4,18.7,20.6,31,14.5,33.7,42.6,25.1,31.3,35.4,36.5,32,70.7,45.7,24.1,22.7,32.5,23.4,35.4,50.9,18.3,53.5,59.2,34.6,45.3,43.7,41.3,19.9,35.4,37.6,26.3,29.4,29.6,29.8,26.4,36.2,31.9,40.7,28,41.3,49.5,34.8,43,27.7,39.2,34.6,28.2,34.4,23.6,30.2,21.1,18.9,42.3,42.4,39.8,55.6,39.8,23.6,33,18.6,48.1,27,30.6,37,39.6,39.7,41.8,59.3,10.2,52.2,34.4,54.4,25.2,10.3,38.7,35.6,29,11.9,44.4,28.7,10.9,58.8,58.8,22,22.1,32.2,31.8,12.5,40.8,39.3,58.8,20.9,28.8,42.2,29,31.2,22.7,28.7,16.4,31.2,42.9,16.5,33.9,29.8,25.5,38.5,45,35,48.5,22,18.7,24.1,44.3,50.9,43.5,31.2,39,53.3,47.3,23.2,37.8,35,26.2,21.6,22.5,25.5,19.9,57,33.9,20,24.1,17,55.1,32.2,29.7,44,30.5,23.7,21.7,34.1,17,19.9,22.2,28.9,41.9,15.5,34.8,28.5,63.1,69,60.9,18.3,36.7,20.5,38.5,17.7,44.6,43.2,40.3,40.9,31.8,51.7,37.9,42.2,34.1,26.9,35.1,30.6,20.4,50.2,47.7,28.2,28.1,34.3,21.4,52.4,40.7,37.9,18.1,31,55.4,35.6,18.3,22.6,22.3,24.5,30,45.2,28.4,55.2,35.8,23.5,43,29.9,20.5,58.1,38.4,30.4,30.9,54.6,40.5,28.1,65.9,30.1,43.9,15.8,19.1,34.2
5,19.5,27.2,26.2,40,39.6,39.8,24.5,32.3,48.2,19.7,35,18.2,60,15.6,10.8,35.4,17.4,15.1,33.7,52.5,43.4,10.3,24.4,13,45.8,38.6,46.6,54.2,31.6,18.1,34.1,39,27.7,34.2,23.6,35.4,49.2,37.1,21.5,24.7,12.2,24.3,34.7,26,19.4,17.4,21,19.3,43.1,38.3,33.7,44,37.3,20.2,32.9,42,34.2,43.1,45.1,32.3,29.3,30.5,25.1,30.1,26.8,30,26.2,41,36.1,19.1,18.1,33.8,31.5,33.4,28.2,65,14.4,38.2,19.6,39.8,17.5,61.8,22.6,28.7,32.8,21.9,27.5,37.4,48.9,20.1,29.9,18.5,39.9,15.8,16.3,29.9,14.3,36,35.6,20.1,26.4,36.8,32.9,28.4,73.2,33.5,24.4,21,33.5,19.6,35.8,46.8,18.1,51,58.2,32.3,47.1,36.7,33.2,21.4,39.2,30.3,20.6,24.1,27.9,18.9,29,31.8,21.4,28.6,28.9,46.7,51.3,32.6,37.3,28.8,40.9,26.6,38.5,32.7,19.7,29.7,20.3,17,41.8,44.9,36.3,44.8,39.1,26.7,42.6,16.3,41.6,24.8,23.4,37.5,43.6,39.3,39.3,54.9,11.7,56.7,29,36.8,26.6,12.9,30.7,29.1,24.1,17,40.3,26,10.9,60.5,50.3,22,18.9,29.1,33.6,14.4,32.8,30.5,53,22.7,26.6,33.4,24.9,25.5,18.9,26.6,17.7,32.7,36.5,19.3,31.7,26,20.7,35.2,40,32.6,43.3,16.6,18.4,14.5,48.4,43.7,37.1,35.8,26.2,39,41.9,17.9,35.6,33.7,25.5,14.3,27.2,27.1,16.3,51.2,23.5,22.6,24.2,13.1,44.7,34.4,23.8,40.9,33,26.1,21.3,33.9,20.1,20.9,14.7,26.2,31.2,10.4,31.9,23.2,48.3,59.8,53.4,15.3,25.9,16.9,38.2,14.9,39.5,38,38,53.7,29.1,51.4,31.1,42.2,35.5,21,28.9,21.7,25.1,41,46.5,20.3,32,24.6,21.1,42,46.1,29.4,19.7,27.7,36.8,36.1,22.2,27.4,20.6,17.8,30.5,46.7,23,46.4,25.6,22.7,34.7,20.8,17.4,43.2,31.2,23.8,25.6,40.4,34.4,24.4,57.5,27.9,44.7,15.8,22.8,30.4
5,19.5,30.7,25,36.6,30.5,39.8,31.9,33,36.2,23.9,30.3,23.5,53.8,11.3,19.3,31.9,17.4,21,26.9,43,33.7,9.6,31.5,15.9,41.3,39.2,46.3,47.9,26.5,21.4,35.1,39.2,31.6,34.8,22.1,36.6,44.1,37.3,31.1,29,9.8,21.4,19.3,34.1,24.5,17.3,13.8,28,55.6,41.4,41.9,43.6,32.8,14.1,29,49.8,31,41.3,47.4,32.3,21.7,38.6,24.7,27,23,32.6,19.4,35.9,36.2,13.3,15.3,33.3,26.3,46.3,29.5,54.6,16.2,37.3,15.3,36.7,13.7,65.7,19.4,17.1,26,21.7,24.7,46.4,41,19.3,24,23.5,36.8,17.4,20.2,29.3,11.8,27.7,34.8,20.5,23.9,36,35.4,20.7,58.9,41.6,19.2,19.8,21.1,18.2,31.4,40.7,22.9,42.1,53.3,32.7,41.8,28.9,30.4,13.6,37.2,32.9,16.9,30.6,26.6,23.8,23.1,29.3,34.3,31.4,26.6,32.6,49,35.7,34.1,30.5,32.7,24.5,26.6,24.6,22.8,25.2,18.9,18,32.9,34.4,28.9,40.8,41.8,28.1,34.4,17.9,38.3,32.7,33.7,36.8,37.5,37.6,38.4,61.5,12.8,42.8,33.7,48.1,22.1,10.2,33.9,36,23.1,13.9,32.4,19.8,13.8,61,57.7,23.7,18.5,32.8,31.7,15.9,30.4,35.5,50.8,22.6,21.5,42.8,20.7,35.6,26.7,26.8,17.8,26.4,30.4,24.1,26.6,24.6,19.7,25.3,45,41.3,34.6,17.1,13.5,17.9,45.2,41.9,36,29.1,35,39.9,42.6,17.4,36,31.7,30.4,24.7,21.3,30,20.3,46.9,22.4,20.1,18.1,15,47.5,35.9,23.7,36.6,28.6,27.3,19.9,34.7,14.2,27.1,18.3,29.6,36,11.2,26.6,29.7,60.4,70.1,50.8,18.7,27.3,36.6,31.6,19.6,42.2,38.9,51.1,36,28.6,41.1,26.6,32.4,35.6,32.5,22.7,20.8,20.5,45.3,40.3,29.1,22.9,24.5,13.2,54.3,32.7,31.7,20.1,21.6,52.1,25.1,19,20.1,23.6,22.4,23,33.3,13,40.1,42.1,21.3,37.6,25.6,19.3,53.4,30.5,23.2,28.6,47.3,40.4,25.2,51,24.9,39.7,18.2,28.1,39
5,25.4,28,45.2,51.2,22.7,38.8,33.6,31.5,35.5,36.6,41.1,35.3,49.5,7.8,23.8,22.9,20.4,23.9,22.5,45,29.7,9.4,30.1,20.1,35.8,37.9,34.3,51.9,14.8,15.5,33,34.2,17.4,34.7,28.3,46.6,43.5,50,30.1,38.9,13,26.4,12.6,41.8,27.4,19.3,22.4,31.6,45.9,42.2,48.4,33.2,60.6,25,28.5,41.7,37.7,39.6,43.5,28.3,27.6,31.7,33.2,28,19.9,34.5,32.7,33.9,34.3,15.4,23.1,34.3,26.2,37.2,39.4,57.5,19.2,43.4,21.3,45.6,12.4,78.5,36.7,21.7,36.5,21,25.8,48.7,42.5,22.6,25.6,22.1,38.8,30.8,26.4,24.8,11.5,34.5,29.2,23.6,38.9,27.7,37.6,32.5,46.1,63.8,33,23.5,24,25,37.1,37.2,19,38.7,36.5,30.1,51.1,25,41.9,18.9,48.9,22,15.3,46.1,23.2,26.3,30.6,24.9,39.5,28.7,20,28.1,56.2,32,34.8,28.8,29.5,26.2,36.6,33,12,37.1,20.9,13.9,40.6,31.6,32.1,37,35.5,28.4,29.1,16.9,39.3,39.1,51,44.6,38.1,34.9,36.7,57.7,9.5,40.5,52,69.2,28,17.8,47.7,22.9,35.9,16.4,35.6,23.8,20.1,73.2,56,23.8,24.8,38.1,34.2,21.6,32.6,32.4,54.3,16.9,14.9,32.6,25.6,40.6,22.5,37.8,14.6,37.9,48.6,31.3,41.2,25.2,16.6,25.3,39.8,41.7,32.4,17.9,27.3,17.1,48.1,51,38.6,28.3,46.4,34,49.7,15.1,34.7,39.8,30.3,27.2,24.1,29.8,19.7,47.4,34.9,18.1,30.2,15.6,53.2,40.6,23.8,24.7,29.8,17.1,27.3,34.1,12.2,24.9,21.2,26.9,29.6,21.3,19.8,24.5,55,73,58.8,17.1,26.8,31.8,18,33.6,48.9,45.5,43,36,43.2,42.2,25.2,35.5,31.4,41.9,27.6,27,20.8,51.3,39.3,38.5,21.6,36.3,18,41.8,43.7,33.2,26.2,27.1,58.6,27.7,30.1,19.8,33.7,36.2,29.4,29.1,12.2,38.9,53.1,17.5,37.5,33.6,8.6,47.4,27.1,20.2,31.2,47.3,36.8,38.6,54.1,32.6,32.6,22.2,34.6,40.8
5,23.8,26.5,44.9,44.3,19.9,34.9,32.2,32.4,37.1,34,40.5,39.1,45,9.7,25.2,23.6,19.7,24.4,21.7,44.7,29.6,10.9,35.2,18.4,33.7,43.3,36.5,52.2,16.8,17.9,38,34.9,16.9,34.9,31.4,45.2,43.4,50.8,28.5,41.8,12.4,25.4,11.4,41.8,27,19.1,19.9,34,50.4,43.4,50.6,37.6,58.6,27.9,25.8,42,38.5,43.8,50.2,29.3,31.1,31.2,34.6,25.4,23,27.2,28,34.9,33,14.7,26.4,36.6,25.7,41.1,35.9,53.8,18.7,47.6,22.3,44,12.3,76.6,35,20.4,34.9,21.4,26,57.4,46.9,22.9,23.5,25.6,50.6,28.6,27.9,25.4,9,32.8,29,21.7,42.5,26.3,40.4,28.5,46.8,65.7,30.5,22.8,19.3,22.5,36,43.2,18.2,38.1,35,28.5,46.8,23.5,41,14.3,45.6,22.7,14.9,44.8,19.5,25.1,32.2,28.4,39.6,27.6,24.7,31.4,57,26.2,32.4,30.6,29,27,36.5,32,14.3,33.6,18,14.8,38.2,33.7,27.4,37.8,36.6,27.2,25.1,19.4,38.2,41.5,49.8,44.6,32.6,35.4,35.8,67.7,14,42.8,49.7,68.6,29.6,18.6,48.6,20.8,36.5,13.8,33,25.8,19,73.3,52,30,23.6,38.2,31.3,17.8,29.9,35.5,50.5,15.8,11.2,33.4,25.9,39.8,21.7,34.6,15.3,36.6,45.2,31.7,42.5,25.8,21.8,23.8,45,44,38,19.3,27.7,18.9,50.3,45.5,37.9,28.5,45.4,36.1,55.7,17.2,32.2,38,35.7,29.1,23.9,30.1,26.2,40.4,37.1,17.4,35.2,16.8,51.4,40.8,20.1,23,30.2,18.3,26.8,33.5,14,28.7,20.2,29.5,33.1,17,18.9,29.4,57.4,74.8,55.6,18.2,23.8,34.2,20.7,35.8,47.8,45.4,42.9,38.3,41.6,36.2,20.9,27.3,30.7,39.1,29.4,29.1,20.2,51.4,36.7,43.8,23.3,36.1,18.1,39.9,40.5,29.8,26.4,21.4,57.5,25.2,31,19.6,36.9,39.7,26.1,27.4,10.6,33.5,46.3,18.4,37.9,34.2,8.2,48.1,31.2,19.2,34.5,48.2,40.7,37,56.6,33.5,36.1,21.6,32.3,38.1
5,22.4,27.6,26.2,40.9,46.3,40.6,30.6,31.5,46.2,21.9,29.9,24.4,54.7,18.8,11.2,41.4,20.7,16.5,35.5,62.7,43,12.7,26.7,14,46.2,42.2,39.3,55,27.7,18.9,43.7,39.5,26.9,34,25.6,39.1,46.3,41.9,25.1,24.9,13.5,26,27.6,27.8,25.9,18.9,21.5,18.6,38.3,42.7,40.1,43,47.6,26.2,40.5,40.1,28.3,42.2,45.2,37.8,28.8,27.9,26.9,37.3,31,31.8,25.3,49.4,35.8,24.1,19.5,33.3,29.9,30,29.8,60.7,17.3,40.1,22.1,36.3,19,69.6,24.9,30.2,34.2,21.8,24.4,37.5,42.8,19.6,36.5,21.2,43.7,20,19.2,38.8,17.4,38.8,38.9,21.8,33.7,33.1,35.1,28.4,75.3,38.5,34.6,26.8,27.8,25,29,39.7,14.9,42.8,63.8,36.4,48,36.3,35.3,32.1,35.7,31.5,19.2,29,34.7,13.2,35.6,27.5,26.5,32.6,22.9,42,54.6,34.2,35.6,33.3,40.6,26.6,42.6,37.1,21.1,30.4,17.2,18.5,48.9,44.1,42.7,43.7,42.8,33.4,50.1,21.5,43.2,29.7,24.5,40,46.8,45.4,47.1,52.1,14.8,53.3,37.9,42.8,25.2,13.2,36,32.1,27,19,42.7,25.7,9.3,68.4,52.6,24.9,14.3,35.8,30.6,20.3,35.6,30.3,67.4,30.2,26,36.4,29.9,26.4,21,27.7,13.5,34.9,44.1,18.1,30.7,25.6,17.7,38.1,36.8,30.2,43.5,16,20.2,14.8,48.4,48.3,35.8,34.3,25.3,42,48.5,16.5,39,38.1,28.4,19,23.3,34.1,19.1,53.7,20.5,20.2,19.8,10.4,51.7,37.6,27.1,30.2,30.1,26,29.1,35.1,15.4,21.3,16.6,29.9,32.8,14.7,31.9,22,49.1,62.1,54,14.5,31,23.5,31.7,19.4,38.7,36.5,36.3,59,29.6,49.6,31.5,45.6,31.6,20.6,33.3,21.2,19.1,40,45.2,25.1,31.8,29,22.3,43.8,34.9,40.2,19.7,29,43.7,38.1,23.5,32.5,24.2,18.4,28.4,48.9,20.9,46.2,35.3,25.6,28.4,21.8,15.2,42.2,29.7,28.2,24.6,34.4,39.5,22.6,58.4,31.9,42.6,14.9,23.9,33.3
5,20.7,35,27.5,44.7,41.5,44.3,28.6,31.1,49.2,22.9,33.7,22.2,60.9,20.1,17.4,36.3,18.9,18.8,38.3,59.2,42.6,10.1,27.1,14.5,52.5,39.2,49.4,54.8,34.8,17.3,39.9,38.8,30.7,38,33,40.9,47,44.2,27,28,11.7,30.5,30.1,34.2,22.6,20.8,21.5,23.9,51.2,39.7,39.7,46.1,43,20.6,31.2,45.1,32.2,45.2,48.3,29.2,26.4,30.7,25.3,30.3,34.1,33.6,29.4,46.8,39.8,17.3,19.4,36.4,32.6,40.4,27.5,64,16.2,34.2,19.4,44,17.9,74.3,28.3,29.9,39,25.2,31.2,43.4,45.1,20.3,33.4,24.4,44.9,19.5,20.6,29.5,14.6,40.3,37.2,29.2,32.2,39.5,34.3,29.8,76.1,37.4,25.9,23.9,30.6,21.2,33.3,51.9,16.8,52.8,52.8,35.5,49,39.9,39.5,22.3,38.9,35,21.2,32.1,32.8,22,29.4,35,27.3,36.4,29.5,43.8,54.1,36.1,42.3,28.7,39,34.1,34.8,35,22.4,31.6,18.5,19.4,44.4,43.1,40.5,55,39.4,25.4,40.5,17.5,44,23.6,29.7,35.8,46.7,39.3,44.4,63.4,9,54.7,35,51.2,25,9.9,36.3,36.4,31.5,15,44.7,23.1,12.4,62.7,55.6,20.7,19.9,34.2,33.4,12,42.4,34.4,59,23.6,31.3,43.2,30.6,29.7,20.9,29.5,18.7,37.4,41.9,20.9,33.6,25.5,24.5,36.1,45.6,39.1,46.1,18.8,17.8,20.6,53.7,48.4,40.8,35.6,37.5,51.4,56.3,18.4,41.1,38.8,27.2,20.9,25.1,26.9,16.7,57.3,27.6,19.5,23.8,17.1,52.4,31.3,28.3,42.7,29.8,26.6,22.7,33,18.8,21.8,17.9,27.7,37.6,15.4,32.2,25.8,57.6,67.4,62.9,19.3,36.4,21.2,38.5,21.2,48.6,44.8,42,50.3,34.4,62.5,31.8,47.9,36.7,25.9,38.6,28.1,23.7,50.3,46.1,28.8,31,29.2,23.1,44.1,42.5,34.8,19.1,30.3,48.9,39.3,24.6,27.2,20.2,21.4,31.7,50.7,25.4,53.6,32.7,22.6,34.6,24.3,19.3,53.5,34.3,30.2,30.6,44.9,39.8,30.5,63.4,28.8,43.2,16.6,20.7,33.5
5,20.4,28.7,41.4,44.6,18.6,31.6,27.4,31.3,33.2,29.5,33.9,33.2,45.7,9,19.8,27,20.5,24.6,21.7,42.5,30.6,10.4,30.1,17.2,33.3,37.6,35.2,49.4,16.8,19.2,34.7,32.6,17.5,35.3,27.7,46.1,41.5,43.6,31.7,37.1,11,23.5,11.4,38.5,29.1,16.9,21.7,29.8,47.3,36.8,45.3,36.3,51.4,22,26.6,44.2,33.7,38,45.2,28.6,26.9,30.1,31.3,22.1,20.9,30.1,26.1,33.3,32.2,17.3,19.4,32.8,26,37.7,33.8,54.5,16.9,42.3,18.8,41.3,14.3,70.2,27.3,15.3,30.7,18.6,22.8,53.4,40.5,17.2,25.4,21.3,45.5,24.8,26.1,25.7,9.7,31.9,27.6,18.7,34.1,30.8,38.2,21.7,42.1,56.5,28.1,22.1,17,18.2,33.9,37.7,18.8,37.6,31.3,28.2,46.3,21.3,35.1,15.5,42,22.2,13.2,38.2,18.8,22,27.5,26.9,35.1,24.6,22.5,28.1,59.7,29.7,28.4,30.4,26.3,25.8,32.8,31.3,15.6,27,16.7,15.5,29.9,27.8,28.3,40.4,34.4,27,23.9,16,33.9,33.9,42.6,42.4,37,33.2,32.4,53.9,11.6,44.9,45.1,60.7,21.9,16.4,44.6,21.2,33.2,16.5,30.5,22.7,19.1,70.3,57.2,27.4,17.1,35.8,28.3,18.8,28.5,32.3,52.1,14.5,12.1,34,22.9,38.8,24.5,33.2,13,29.3,40.2,29.3,35.9,19.7,19.7,23.5,40.5,38.1,26.8,18.8,27.2,19.6,48.6,46,36.9,27,42.5,34.8,47.3,13.5,33.6,37.3,29.5,23.9,25.6,31.9,23.8,45.3,31.8,17.3,27.5,14.5,51.1,38,22.2,24.3,32.8,17.5,23.7,31.4,13.2,24.9,17.4,26,30,16.8,16.7,27.1,54,73.5,48.1,15,24.9,31.6,21.3,32.7,44.3,42.2,38.1,35.1,31.1,37.4,18.9,29.8,30.2,36.1,25.2,25.7,21.5,41.9,33.5,41.9,18.3,29.8,15.8,43.1,36.5,27.8,25.7,18.7,55.8,25.4,25.7,20.2,33.2,35.4,27.2,27.5,12,35.4,52.8,16.8,35.8,30.9,10,47.6,29.9,18.8,29.3,45.7,34.6,33.6,48.6,31.4,33,19.4,28.5,45.6
5,20.4,28.7,41.4,44.6,18.6,31.6,27.4,31.3,33.2,29.5,33.9,33.2,45.7,9,19.8,27,20.5,24.6,21.7,42.5,30.6,10.4,30.1,17.2,33.3,37.6,35.2,49.4,16.8,19.2,34.7,32.6,17.5,35.3,27.7,46.1,41.5,43.6,31.7,37.1,11,23.5,11.4,38.5,29.1,16.9,21.7,29.8,47.3,36.8,45.3,36.3,51.4,22,26.6,44.2,33.7,38,45.2,28.6,26.9,30.1,31.3,22.1,20.9,30.1,26.1,33.3,32.2,17.3,19.4,32.8,26,37.7,33.8,54.5,16.9,42.3,18.8,41.3,14.3,70.2,27.3,15.3,30.7,18.6,22.8,53.4,40.5,17.2,25.4,21.3,45.5,24.8,26.1,25.7,9.7,31.9,27.6,18.7,34.1,30.8,38.2,21.7,42.1,56.5,28.1,22.1,17,18.2,33.9,37.7,18.8,37.6,31.3,28.2,46.3,21.3,35.1,15.5,42,22.2,13.2,38.2,18.8,22,27.5,26.9,35.1,24.6,22.5,28.1,59.7,29.7,28.4,30.4,26.3,25.8,32.8,31.3,15.6,27,16.7,15.5,29.9,27.8,28.3,40.4,34.4,27,23.9,16,33.9,33.9,42.6,42.4,37,33.2,32.4,53.9,11.6,44.9,45.1,60.7,21.9,16.4,44.6,21.2,33.2,16.5,30.5,22.7,19.1,70.3,57.2,27.4,17.1,35.8,28.3,18.8,28.5,32.3,52.1,14.5,12.1,34,22.9,38.8,24.5,33.2,13,29.3,40.2,29.3,35.9,19.7,19.7,23.5,40.5,38.1,26.8,18.8,27.2,19.6,48.6,46,36.9,27,42.5,34.8,47.3,13.5,33.6,37.3,29.5,23.9,25.6,31.9,23.8,45.3,31.8,17.3,27.5,14.5,51.1,38,22.2,24.3,32.8,17.5,23.7,31.4,13.2,24.9,17.4,26,30,16.8,16.7,27.1,54,73.5,48.1,15,24.9,31.6,21.3,32.7,44.3,42.2,38.1,35.1,31.1,37.4,18.9,29.8,30.2,36.1,25.2,25.7,21.5,41.9,33.5,41.9,18.3,29.8,15.8,43.1,36.5,27.8,25.7,18.7,55.8,25.4,25.7,20.2,33.2,35.4,27.2,27.5,12,35.4,52.8,16.8,35.8,30.9,10,47.6,29.9,18.8,29.3,45.7,34.6,33.6,48.6,31.4,33,19.4,28.5,45.6
5,20.4,28.7,41.4,44.6,18.6,31.6,27.4,31.3,33.2,29.5,33.9,33.2,45.7,9,19.8,27,20.5,24.6,21.7,42.5,30.6,10.4,30.1,17.2,33.3,37.6,35.2,49.4,16.8,19.2,34.7,32.6,17.5,35.3,27.7,46.1,41.5,43.6,31.7,37.1,11,23.5,11.4,38.5,29.1,16.9,21.7,29.8,47.3,36.8,45.3,36.3,51.4,22,26.6,44.2,33.7,38,45.2,28.6,26.9,30.1,31.3,22.1,20.9,30.1,26.1,33.3,32.2,17.3,19.4,32.8,26,37.7,33.8,54.5,16.9,42.3,18.8,41.3,14.3,70.2,27.3,15.3,30.7,18.6,22.8,53.4,40.5,17.2,25.4,21.3,45.5,24.8,26.1,25.7,9.7,31.9,27.6,18.7,34.1,30.8,38.2,21.7,42.1,56.5,28.1,22.1,17,18.2,33.9,37.7,18.8,37.6,31.3,28.2,46.3,21.3,35.1,15.5,42,22.2,13.2,38.2,18.8,22,27.5,26.9,35.1,24.6,22.5,28.1,59.7,29.7,28.4,30.4,26.3,25.8,32.8,31.3,15.6,27,16.7,15.5,29.9,27.8,28.3,40.4,34.4,27,23.9,16,33.9,33.9,42.6,42.4,37,33.2,32.4,53.9,11.6,44.9,45.1,60.7,21.9,16.4,44.6,21.2,33.2,16.5,30.5,22.7,19.1,70.3,57.2,27.4,17.1,35.8,28.3,18.8,28.5,32.3,52.1,14.5,12.1,34,22.9,38.8,24.5,33.2,13,29.3,40.2,29.3,35.9,19.7,19.7,23.5,40.5,38.1,26.8,18.8,27.2,19.6,48.6,46,36.9,27,42.5,34.8,47.3,13.5,33.6,37.3,29.5,23.9,25.6,31.9,23.8,45.3,31.8,17.3,27.5,14.5,51.1,38,22.2,24.3,32.8,17.5,23.7,31.4,13.2,24.9,17.4,26,30,16.8,16.7,27.1,54,73.5,48.1,15,24.9,31.6,21.3,32.7,44.3,42.2,38.1,35.1,31.1,37.4,18.9,29.8,30.2,36.1,25.2,25.7,21.5,41.9,33.5,41.9,18.3,29.8,15.8,43.1,36.5,27.8,25.7,18.7,55.8,25.4,25.7,20.2,33.2,35.4,27.2,27.5,12,35.4,52.8,16.8,35.8,30.9,10,47.6,29.9,18.8,29.3,45.7,34.6,33.6,48.6,31.4,33,19.4,28.5,45.6
5,29.3,32.3,42.8,49.3,26.1,37.8,33.9,32.1,40.8,39,40.1,39.7,47.2,9.9,21.5,27.6,23.5,31.2,21.7,53.4,37.9,12.9,31.2,19.1,38.7,42.9,43.7,52.3,18.4,20.1,40.3,39.9,20.7,36.7,34.9,51.3,49.9,53.8,31.8,39,14.5,27.5,12.3,41.8,29.6,20.6,24.9,35,51.8,42.7,51.3,40.1,58.3,29.9,31.4,45.5,42.9,44.9,57.8,31.7,31.3,33.8,37.5,32.2,24.8,29.6,32.6,36.5,36.1,18.3,25.2,38.4,29.5,45.1,39,62.6,18.6,46.4,21.5,47.5,13.5,81,34.1,19.5,41.6,21.6,25.5,54.3,43.8,21.9,25.5,26,50.2,29.2,28,30.9,13,38,30.2,21.8,43,29.8,45.6,30.1,55.1,69.5,34,22.9,22.7,24.3,35.4,48.4,19.7,42.3,37.8,34.8,51.4,26.4,46.1,16.3,49.5,22.6,17,44.1,26.7,26.7,30.7,30.3,43.6,30.6,24.6,29,61.9,35.9,32.6,33.9,33.3,30.8,42.5,34.1,14.8,31.6,18.4,15.6,40.2,36.3,37.9,40,40,30.4,30.2,19.9,41.3,42.2,44.8,48.3,37.3,40.4,36.5,70.1,15.4,46.9,52.8,70.6,28.5,17.2,52,23.2,40.3,15,41.1,24.7,17.4,72.3,53.9,31.6,24.3,41.1,31.2,20.7,34.7,42.8,58.4,19.1,15.4,35.3,24.8,37.3,22.8,36.3,13.6,37.2,49.3,33.2,42.2,24.2,19.4,24.1,49.4,44.2,37,21.1,32.8,18.9,56.7,54.6,46.5,29.9,45.7,39.5,55.2,16.5,42.2,41.1,35.7,29.4,26.4,31.7,25,44.2,35.7,20,31.7,16.5,59.9,44.2,26.7,27.7,33.5,22.3,25.3,38.2,15.3,30.2,25.5,28.2,36.6,20.7,17.4,27.8,59.1,78.3,57.4,17,28.3,32,22.5,38.3,49.2,44.9,45.7,40.4,40.8,45.9,24.8,33,33.1,40.5,30.1,29.8,21.4,49.9,46.1,49.3,24.3,37.3,19.1,47,42.2,37.3,28.4,25.8,64.6,29.9,35.1,19.8,38.5,40.5,28.8,33.3,13.4,38.6,50.9,19.6,37.6,34.1,9.3,50.2,30.2,22.1,34.5,52.7,41,34.9,58.8,34.1,34.8,23,34.6,45.2
5,23.3,26.9,39.8,50,14.9,34,30.4,31.4,34.6,33.1,35.9,35.9,45.1,7.1,23.4,23.2,20.2,24.7,20.2,43.3,29.4,11.2,31,18.2,35.3,38.6,30.3,47.2,14.7,16.2,33.7,33,18.9,36.5,26.4,43,40.3,48.4,24.6,38.3,11.2,25.8,9,37.8,27,19.6,20.7,27.3,45.7,39.2,48.1,32.8,60.5,29.6,24.6,36.6,38.5,39.1,43.7,27.4,26.4,27.3,33,26.3,19,28.4,30,34.4,34.7,16,26.8,33.6,24.1,39.8,38,56.2,17.9,42.9,22.9,42.8,12.1,73.9,33.2,16.9,32.3,22.5,21.9,53.1,40.7,18.4,21.2,23.2,42.2,27.6,27.5,25,9.1,33.9,26.2,23.2,44.1,26.8,36.4,26,41.5,67.7,27.9,22.9,21.4,23.2,31.4,39.5,19.7,38.2,29.6,28.1,49.2,22.7,38.8,13.7,45.1,22.7,14.8,40.5,20.3,25.5,24.7,24.2,34.5,20,21.7,24.6,56.4,25,28.6,27.6,25.4,26.4,35.4,31.5,15.2,34.7,15.9,15.5,34.8,30.7,31.1,36.8,31.2,30.1,26.5,16.6,35.7,39.5,46.7,43.6,33.4,30.1,34.3,60,12,36.9,51.8,63.7,25.5,17.3,46.6,18.6,35.5,16.9,35.5,23.7,20.9,65.2,54.3,25.3,20.8,36.4,31.9,19.6,28.8,32.6,48.1,13.2,10.2,33.1,27.7,39.5,20.8,29.5,15.2,30.7,44.6,31.5,37.9,24.2,18.2,23.3,41.2,40.5,31.7,17.5,29.6,15.8,46.5,45.5,38.1,27.5,47.1,33.2,46.3,13,31.5,36.8,29.8,25.7,19.8,30.5,20.7,39.9,34.4,16.3,32.9,16,49.7,37.9,22.4,20.4,28.9,19.6,21.4,31.5,12.7,24.5,19.3,25.4,30.7,20.4,18.1,27.7,53.8,72.2,54.8,16,25.5,32.8,21.1,33.5,49.9,46,39.3,33.5,37.7,38.7,19.4,28.8,28.6,39.6,24.5,26.3,23.5,44.2,36.9,38.1,19.1,31,19,37.7,40.7,32.5,26,21.3,57.8,23.5,32.8,18.3,34,40.1,26.4,26,11.8,34.9,47,17.6,32.4,29.9,8.8,46.6,26.9,18.1,32.8,47.5,36.6,36.5,48.7,34.1,30.2,21.4,33.4,42.4
5,23.9,25,45.7,50.6,22.3,31.2,27.3,29.1,41.1,38.1,39.9,38.8,49.5,9.4,23.4,25.2,19.2,26.1,21.7,43.7,29.3,11.6,33.6,19.4,37.5,41.8,36.2,47.7,17.2,20.5,35.9,34.7,17.6,36.9,32.8,46.8,42.7,53.7,30.2,39.5,12.6,24.4,12.4,40.6,33.6,21.1,22.2,28.3,50.5,42.4,51.5,33.5,56.4,26.1,24.5,41.8,37.5,43.1,49.2,29.6,28.3,31.7,31.6,27.5,23.7,30.7,28.9,36.3,30.2,16.6,23.9,35.6,24.6,44.3,37.1,60.1,17.9,47.1,20.7,38.4,13.4,78,32.8,17.8,35.5,24.6,25.2,53.2,46.2,19.8,26.6,24.6,43.5,25.4,26,26.2,7.5,36.4,30.3,21.4,43,28.9,41.7,28.2,49.3,72.3,31.8,22.2,25.1,23.3,34.4,41.8,19.7,39.6,33.1,31.7,50.3,24.8,41.8,17.9,47.1,21.4,14.7,41.5,20.8,25.4,33.4,28.3,37.2,27.1,22.5,28.6,59.8,30.7,32.8,32.7,29.1,29.4,37.2,30.6,15.5,32.7,18.7,14.8,39.2,30.3,29.7,35.5,35.3,30.1,25.7,20,40.2,37.7,51.7,46.1,35.8,38.9,35.3,62.1,14.5,42.8,49.1,62.7,27.5,19.9,48.3,21.4,31.7,13.6,39.6,26.7,20,72.9,49.9,25.7,21.3,38.8,31.8,19.7,32.9,34.3,54.8,15.3,11.3,40,28.5,39.7,23.1,33.2,15,33,44.1,31,38.8,23.6,23,22.8,37.5,43.3,35.9,18.5,30.6,20.5,53.3,47.2,39,25.1,47.9,35.5,56.2,14.2,37.8,33.5,33.3,25.4,22.6,32.4,23,48.7,33.3,16.8,27.7,18.4,58.4,39,25.6,23,33.4,21.8,25.8,32.6,12.7,30.5,21,29.7,33.5,17.2,19.2,26.9,59.3,76.4,62.7,16.6,26.4,32.5,23.4,33.3,46.6,46.8,44.8,37.1,41.6,38.3,22.9,31.2,31.6,42.3,25.8,26.1,21.2,49,40.3,40.9,21.8,38.2,24.1,39.7,45.3,32.2,24.5,24.1,56.4,22.1,33.1,18.9,33.6,40,25.8,31.6,12.1,36.2,53.8,16.2,36.3,30.6,12.2,49.5,30.8,20.9,34.4,49,42.2,37,54.7,34.5,35.4,21.2,34.8,43.3
5,24.6,29,51.1,42.7,27.1,34.6,30.9,31.6,38.3,34.8,41.2,36.9,55.5,10.5,20.7,28.6,24.7,30.5,26.3,55.7,35.7,13.5,33.6,17.6,44.1,48.9,42.1,54,19.9,22.5,40.4,36,22.9,40.6,36.4,52.4,52.5,54.4,37.2,40.8,15.6,28.5,14.9,39.9,30.1,20.3,21.1,38.4,51.1,42.7,43.7,39.9,57.6,26.5,32.6,52.2,38.6,45.3,51.2,32.1,30.6,34.4,36.3,27.2,29.3,26.9,27.7,40.9,35.1,16.4,22.8,39.7,27.9,51.4,34.1,60.4,18.2,50.9,21.9,46.4,15.1,77.4,39.8,19.5,42.3,21.6,25.8,60.2,51.3,21.9,30,27.5,49.2,27.7,23.9,32.6,8.8,36.4,38.6,20.1,44.1,38.7,47.4,25.8,56.3,68.7,29.2,24.3,20.1,26,34.1,52,21.6,46.2,41.5,35.7,51.6,25.7,42.1,17.1,47.7,31.1,20.8,41.1,25.7,22.4,34.3,37.6,44.5,32.1,30,39.2,67.4,33.3,37.5,36.3,31.9,31,38.1,32.9,18.3,32.7,18.4,16.5,42.1,37.2,37.5,44.2,39.8,35.2,31.5,23.4,45.2,39.6,47.4,47.6,43,45.8,40.5,62.9,14.3,45.2,46.4,65.1,29.1,14.3,50.4,29.6,33.6,13.9,37.9,25.6,21.4,72.4,58,34.2,24.6,37.5,29.9,21.1,34.9,40.5,53.6,22.7,14,39.4,27.3,40.5,27.8,32.9,15.1,36.9,45.5,35.5,38.6,19.8,25.6,26.5,44.1,49.5,39.3,21.3,31,25.6,53,56.9,45.6,30.2,42.4,39.8,60,15.8,44,39.5,36.8,29.1,25,34.3,29.7,45.6,33.6,19.9,32.2,17.6,62.1,47.1,26.3,32.2,33.2,23.4,27.5,37.4,19.9,28.5,20.3,38.3,39.3,19.3,18.5,32.1,68.3,82.4,59.4,18.5,25.7,35.8,27,37.4,44,42.9,46.3,45,38.7,47.7,23.9,35.2,38.9,46.2,27.1,28,24,44.7,42.1,45.3,22.7,36.6,19.6,47.1,41.3,38.1,25.2,23.9,63.2,31.3,32.6,19.4,39.8,38.3,30.7,35.9,14,39.6,54,19.3,41.3,35.7,12.7,52.6,37.7,27,36.9,60.2,42.6,38.7,56.7,34,46,24.8,31.7,45.3
5,19,29.8,23.5,37.5,35.7,41.9,31,28.5,40.3,23,26.3,20.5,56.4,12.8,17,32.4,17,15.7,23.7,49.9,35.9,9.8,31,13.2,43.8,39.4,41.5,50.8,32.1,20.5,33.8,36.5,27.8,33.2,19.5,36,46.2,35.3,31,27.7,11.6,19.9,21.6,29.8,20.6,17.3,13.7,27.2,54.1,42.6,36.9,42.1,34.2,13.1,28.9,47.2,28.8,40.1,41.6,30,24.4,39.2,21.8,29,22.2,34.9,18.8,30.3,39.9,11.1,14.3,30.5,23.8,44.5,26,57.2,16.7,33.7,13.9,35.5,15.1,62.5,18,19.4,25.7,19.1,25.9,41.7,42.6,18.4,26,21.8,36.8,17.6,16,33.1,13.6,31.1,33.1,18.9,23.3,35.7,37.7,20.6,59.9,37.6,21.5,14.6,22.6,21.5,29.2,41.2,21.3,45.3,58.6,28.2,45.6,34.3,28.1,13.4,34.5,27.6,18.4,26.9,23.4,22.4,23,28.6,34.2,27.6,30.2,34,44.3,34.2,34.3,29.8,35.3,24.9,25,25,22.3,26.2,16.1,18.9,30,33.8,30,39,41.3,24.4,37.4,18.7,36.5,28.2,30.4,36.1,41.2,35.8,34.9,53.9,9.7,44.7,31.6,47.7,21.3,8.8,33.8,36.6,24.7,14.3,34.8,19.9,11.7,54,55.6,21.1,17.7,31.9,29.1,14.3,30.1,35.6,47,20.2,23,42.1,21.8,31.8,25.6,28.3,16.1,26.2,35.8,23.5,24.5,26,16.6,26.6,42.4,39.3,34.7,14.5,14.9,19.2,43.3,41.1,36.6,24.5,31.7,42.2,40.8,15.1,35.8,31.1,22.9,22.7,19,29.8,18.6,48.4,22.4,18.7,19.2,12.6,47.8,33.5,20.5,37.3,31.3,27.7,21.8,32.4,16.1,23.6,17.5,26.1,34.1,14.7,27.8,27.5,54.6,64.8,50,18.8,28,29,28.6,16.6,41.9,37.9,49,35.3,24.8,43.1,32.1,33.8,33.3,29.4,27,17.9,22.4,39.9,36.9,25.5,23.4,24.3,15.4,55.3,35.5,31.6,15.8,25.2,46.4,29.6,18.8,21.4,25.1,17.7,22.3,36.2,16.9,44.8,37,18.2,32,23,21.8,47.9,29.8,22.7,29.4,48.6,35.6,23.3,56.6,23.7,42.1,17,24.6,35.9
5,21.2,22.3,20.7,35.3,37.4,35.6,28.2,34.4,41.2,18.8,33.5,21.1,56.6,12.7,8.9,39.3,16.6,13.7,39.9,56.9,35.5,12.7,27.7,12.1,42.2,33.4,38.5,50.1,25.1,16.5,37.8,40.8,20.8,32.3,24.2,34.1,44.3,42.2,23.8,22.2,10.8,20.7,30.6,24.1,22.2,18,20.8,18.4,35.6,37.1,38.9,33.7,41,24.2,37.2,31.9,28,34.8,41.2,37.9,25.6,27.8,25.7,30.4,26.5,28.6,26.8,45.3,30.5,20.8,19.9,27.1,28.6,25.9,25.9,56.1,15.5,37.8,18.7,36.2,15.4,60,20.8,27.6,31.3,22.4,22.5,32.7,40.2,19.6,30.2,17.1,38.3,20.7,16.3,33.8,15.7,34.5,30.5,21.5,29.8,33.2,31.1,24.1,72.6,30.1,31.4,24.3,27.1,21.2,26.8,35.1,16.7,42.1,57.9,30.5,44.5,32.4,32.2,26.6,35.3,26.7,17.4,25.7,27.7,16.4,30.9,26.1,23.2,32.5,24.8,39.9,49.3,33.3,33.2,31.1,34.2,22.2,45.5,34.2,14.9,26.6,19.2,16.8,44.6,39.1,31.5,38.3,41.6,30.7,45.3,18.5,37.8,26.9,21.9,33.6,43.8,40.8,41.5,47,15.9,51.1,30.9,34.3,20.5,10.7,39.1,31.4,19.7,18.9,40.4,22.1,10.4,64.2,43.1,24.9,12.1,33.5,35.4,13.8,30.4,24.3,63,23.7,23.3,32,29.4,27.4,21.5,29.3,15.8,34.3,42.2,18.2,28.7,23.2,15.3,32.4,34.2,32.1,36.9,14.3,21.3,11.2,45.2,39,35.2,38,24.1,38.1,41.5,16.9,30.7,35,24.4,13.9,19.4,32.8,19.4,46.9,18.8,23.4,20.3,8.2,39.8,34.5,22.4,34.7,30.4,27.3,23.3,29,13.9,21,14.5,23.7,27.5,13.4,28.5,19.3,39.3,56.5,47.3,14.4,22.9,20.9,29.5,17.9,37.9,35.2,32.5,55.3,29.3,44.9,28.1,43.3,28.2,24.7,26.5,18.1,20.3,38,36.3,20.9,24.7,25.4,21.6,39.1,40.6,28.7,19.4,29.7,41.2,30.5,22.7,32.6,22.5,16.5,27,42.4,20.4,42.9,27.8,26.3,29.8,17,12.8,37.6,26.2,23.8,24.5,29.7,35.2,25.8,56,31.8,43.1,14.5,24.8,29.4
5,21.2,22.3,20.7,35.3,37.4,35.6,28.2,34.4,41.2,18.8,33.5,21.1,56.6,12.7,8.9,39.3,16.6,13.7,39.9,56.9,35.5,12.7,27.7,12.1,42.2,33.4,38.5,50.1,25.1,16.5,37.8,40.8,20.8,32.3,24.2,34.1,44.3,42.2,23.8,22.2,10.8,20.7,30.6,24.1,22.2,18,20.8,18.4,35.6,37.1,38.9,33.7,41,24.2,37.2,31.9,28,34.8,41.2,37.9,25.6,27.8,25.7,30.4,26.5,28.6,26.8,45.3,30.5,20.8,19.9,27.1,28.6,25.9,25.9,56.1,15.5,37.8,18.7,36.2,15.4,60,20.8,27.6,31.3,22.4,22.5,32.7,40.2,19.6,30.2,17.1,38.3,20.7,16.3,33.8,15.7,34.5,30.5,21.5,29.8,33.2,31.1,24.1,72.6,30.1,31.4,24.3,27.1,21.2,26.8,35.1,16.7,42.1,57.9,30.5,44.5,32.4,32.2,26.6,35.3,26.7,17.4,25.7,27.7,16.4,30.9,26.1,23.2,32.5,24.8,39.9,49.3,33.3,33.2,31.1,34.2,22.2,45.5,34.2,14.9,26.6,19.2,16.8,44.6,39.1,31.5,38.3,41.6,30.7,45.3,18.5,37.8,26.9,21.9,33.6,43.8,40.8,41.5,47,15.9,51.1,30.9,34.3,20.5,10.7,39.1,31.4,19.7,18.9,40.4,22.1,10.4,64.2,43.1,24.9,12.1,33.5,35.4,13.8,30.4,24.3,63,23.7,23.3,32,29.4,27.4,21.5,29.3,15.8,34.3,42.2,18.2,28.7,23.2,15.3,32.4,34.2,32.1,36.9,14.3,21.3,11.2,45.2,39,35.2,38,24.1,38.1,41.5,16.9,30.7,35,24.4,13.9,19.4,32.8,19.4,46.9,18.8,23.4,20.3,8.2,39.8,34.5,22.4,34.7,30.4,27.3,23.3,29,13.9,21,14.5,23.7,27.5,13.4,28.5,19.3,39.3,56.5,47.3,14.4,22.9,20.9,29.5,17.9,37.9,35.2,32.5,55.3,29.3,44.9,28.1,43.3,28.2,24.7,26.5,18.1,20.3,38,36.3,20.9,24.7,25.4,21.6,39.1,40.6,28.7,19.4,29.7,41.2,30.5,22.7,32.6,22.5,16.5,27,42.4,20.4,42.9,27.8,26.3,29.8,17,12.8,37.6,26.2,23.8,24.5,29.7,35.2,25.8,56,31.8,43.1,14.5,24.8,29.4
5,18.5,33.4,21.5,41.2,41.3,43.2,26.2,28,51.3,19.4,32.8,18.7,58.4,18.9,10.8,34.4,18,16.2,34.2,57.2,47.8,10.9,21.7,14.1,47.7,40.6,43.7,52.2,34.2,16.9,40.3,35.3,29.5,32.9,26.7,37.5,46.2,42.5,25.4,25.2,9.6,25.8,33.1,31.6,18.6,18.6,20.2,22.8,49.8,39.1,35.2,44.8,36.3,22.1,31.4,39.6,32.8,47.6,43.6,28.7,25.1,27.2,20.6,24.2,33.7,27.5,25.5,37.9,39.2,18.2,17.1,31,28.8,31.3,23.3,59.6,11.4,30.5,18.1,40.1,13.8,63.3,21.8,28.5,29.4,19.7,22.3,38.4,44,18.8,27.9,20.1,41.6,15.5,19,32.6,15.2,34.9,35.6,18.9,28.2,34.9,32.7,25.6,76.2,36.2,22,20.4,31.2,21.7,32.9,48.5,13.9,48.4,56.5,31.4,42,36.1,37.4,19.3,38.1,31.9,18.4,23.7,23.6,20,27.5,34.2,22.9,35,26,46.3,45.2,29.5,35.4,26.5,41.8,28.2,37.5,34.7,19.3,24.7,17.3,16.8,43.1,41.2,36.8,46.7,35.6,21.6,36.9,14.8,41.8,23.8,24.7,28.9,39.2,37.8,40.8,55.4,11.7,48.9,33,41.9,25.8,9.4,34.3,30.1,25.7,13.6,39.4,24.4,10.6,57.9,54.8,20,19,30.8,31,12.7,35,32.3,56.3,22.5,30.3,38.5,26.6,22.5,19.4,29.5,12.7,31.5,37.8,14.9,32,25,22,36,37.8,28.9,45.8,17.6,18,18.9,47.9,41,35.9,35.8,31.8,37.9,53.3,18,36.7,33.7,24.6,18.9,25.6,27.7,16.8,52.5,24.4,21.2,24.8,14.4,50.7,33.3,31.5,42.5,30.1,25.6,20.9,31.9,16.6,18.1,19.6,26.2,36.7,12.5,32.3,22.3,53.5,60,53.2,15.7,29.6,19.9,36.7,17.2,41.1,42.5,33.3,48.3,30.5,53.5,33.1,42.3,34.9,21,37.2,22.8,19.4,38.3,41.7,21,29.7,30,25,39.7,41.5,31.9,16.7,30.4,40.5,34.6,22,26.1,17.4,18.8,29.4,45.7,25.9,55.4,29.7,24.6,35.6,20.6,18.6,51.9,26.5,29.1,23.7,40.6,37.4,23.1,64.1,28.7,39.2,17.4,19.5,26.5
5,20.6,33.2,26.6,43.2,49.1,43,33,31,46.7,19.3,34.7,23.7,56.1,20.3,13,37,23.1,16.7,39.8,59.5,44.6,11.6,29.5,15.7,51.4,41.2,42.1,55.7,33.7,15.8,45.5,44.4,30,37.3,35,42.3,47.7,44.4,29.3,26.7,12.2,28.8,32.9,30.9,23,21.1,19.9,21.3,44.6,42.7,41.4,43,44.3,19.6,37.4,44.5,30.8,44.4,47.8,35.7,27,30.2,24,36.7,34.6,31.6,27.6,43.7,39.2,14.7,18.4,34.1,33.2,31.9,30.6,58.6,15.1,37.4,21.5,37.1,17.2,74.8,25.4,28.8,35.1,22.1,25.7,42.8,44.9,19.9,33.2,22.3,43.8,22.9,19.9,39,17.1,40.3,38.4,27.5,29.6,38.7,35,30.7,84.3,36.3,27,23.1,31.2,24.7,33.2,51,16.1,47.4,61.4,36.2,51.1,42.3,34,25.9,37.5,39.3,21.4,30.9,33.1,20.8,29,31.5,29.6,37,26.9,44.8,49.8,34.7,42.8,29.2,41.6,28.4,36.3,38.2,20,29.5,19.6,17.5,47.7,38,43.5,51.2,41,30.4,41.4,17.3,44,26.5,24.8,35,44,43.3,47.5,61.8,11.4,56.1,39.2,45.7,26.8,11.3,39,35.9,27.4,18.4,43.9,28.9,12.6,61,59.4,25.6,19.1,37.2,32.9,14,34.4,33.9,64.5,27.9,31.6,41.3,30,25.9,25.8,33.3,16.3,36.5,45.5,17.1,36.4,27.7,21.4,43.4,39.7,35.9,47.4,19.9,20.2,19.3,56.2,47.3,40.1,34.7,35,49.1,50.3,19.8,40.5,37.9,28.4,20.8,26.4,27.8,17.9,59,25.4,22.1,23.9,13.5,56.1,39.3,27,40.9,32.8,24.8,24.8,36.2,19.4,19.7,20.1,31.5,35.2,13.1,32.4,25.8,58.4,63.2,57.3,15.8,37.5,19.9,33.5,16.3,45.8,38.9,38,50.3,34.2,51.3,33.8,47.4,31.3,23.3,35.5,27.6,22.1,45,44.4,24.5,30.1,34.7,22.7,45.9,38.8,40.3,19.4,29.5,45.1,37.5,19.8,24.4,21.4,22.9,25.8,49.6,23.4,53.8,32.6,26.9,33,25.5,19.7,51,31.6,31.8,28.6,41.1,38.9,26.9,63.4,31.4,46.3,17.2,20.7,30.3
5,17,28,22.5,33,44.7,40.1,25.8,30.2,44.8,19.6,36.1,16.9,59,14,11.1,38,18.7,10.5,37.3,56.9,43.1,9.9,24.9,13.1,47,39.7,41.3,49.5,34.7,16.3,35.1,38.8,27.6,33.1,27.4,33,48.5,39.5,25.4,25.9,10.9,25.2,32.9,24.9,16.7,18.4,19.3,19.7,40.4,36.2,35,42.5,34.2,18.7,29.2,32.1,31.7,44.6,40.9,27.5,25,30.9,23.8,32.9,28.1,28.7,23.9,39,35,16.9,16,30.8,31.7,30.5,27.3,58.8,11.4,36.2,18.6,38.4,18.5,59.1,19.1,26,34,20.8,21.1,37.9,39.7,18.3,24.4,16,42,18.1,15.1,32.4,14.4,33.9,36.2,21,28,37.1,30,28.2,79.3,30.8,24.7,20.7,30.8,22.8,28.7,48.3,14.3,50.2,56.6,34,41.1,35.1,32,21.9,34.7,27.9,20.5,22.8,32.3,17.9,31,29.9,24,30,29.1,44.3,45.2,33.4,36.5,27.3,43.1,27.8,34.7,32.9,17.4,25.3,18.3,16.4,41.1,44,33.9,40.7,35.3,23.1,39.9,14.3,36.5,21.6,23,30.2,42.3,37.3,35.8,52.5,11.2,51.5,27.6,36.3,25.3,10.4,31.5,28.1,21.5,17.7,42.4,24.1,9.1,56.5,47.9,20.8,18.5,28.1,31.3,11.9,32.2,33.3,57.1,22,26.6,38.6,27,24,19.9,23.6,17.9,36.2,37.9,13.5,31.6,24.4,20.3,37.7,41.8,28.4,45.5,14.6,17.9,15.3,45.8,44,33.8,30.2,30.7,41.9,40.9,19.6,37.4,30.2,24.3,18.9,25.3,26.1,15.1,55.6,21.1,21.7,21.8,13.3,44.6,30.2,25.6,38.9,28.7,22.7,21,30,15.9,18.6,18.4,25.1,31.7,11.2,32.3,23.5,50.5,56.7,52.1,16.8,32.6,17.6,36.2,15.7,39.7,34.5,33.1,45.6,29.3,52.2,30.1,38.8,34.2,15.9,34.5,21,18.8,39.7,41.2,17.1,32.3,29.6,21.5,39.5,42.3,29.6,17.3,26.4,42.2,36.4,21.3,26.3,15.8,15.8,28.7,44.9,22.2,56.2,24.9,22.2,30.1,19.2,18.1,44.8,31.4,27.4,24.1,36.6,35.2,21.4,55.8,32.6,37.6,14.5,15.7,26.1
5,26.7,24,47.3,53,18.4,30.6,27,32,36.7,36.6,45.9,39.5,42.1,8.2,21.9,20.8,21.6,24.9,20.3,44.7,27,9.7,31.8,22.1,34.9,40.2,31.2,46.8,14.4,16.5,34.7,26.8,14.1,34,32.3,43.1,42.9,47.2,27.9,40.7,12.2,26.2,9.6,45.4,27.6,21.2,23.9,31.9,47.1,41.2,47.1,36,58.6,29.6,21.2,34.4,36.8,39.4,47,27.3,27.5,28.1,35.9,30.1,19.5,27.7,28.8,30.2,34.8,14.6,21.8,32.8,23,41.8,39.6,55.4,18.8,43.2,22.2,44.9,14.4,69.7,35,14.9,34.5,23,24.1,50.6,43.1,18,22.9,22.1,43.3,26.7,23.9,24.9,10.9,36.1,31,19.6,42.6,26.6,35.5,29.1,39.6,68,32.7,21,21,22.2,39.3,37,18.6,40.5,30,26.5,49.3,21,41,14.6,46.2,21.2,13.4,46.9,23.5,24.1,31,25.5,36.9,25.3,20.8,26.4,54.7,29.4,28.3,30.2,27.1,24.7,39.4,32.8,13.6,33,18.8,13.2,39.5,31.1,28.7,33,33.5,28.2,23.2,16.8,36.4,36,50.6,42.8,31.6,30.5,34.2,60.8,12.7,36.8,53.2,65.9,30.9,20.7,45.6,17.8,34,14.2,31.4,23.9,19.9,69.1,55.2,24.4,22.5,38.2,28.6,20.4,32.2,35.7,51.7,15.5,10.9,33.1,24.3,38.6,20.9,38.7,15.7,34.9,43.2,31.5,43.5,23,19.8,21,41.8,43.5,32.9,18.6,29.5,18.9,48.4,45.1,37.2,23.2,50.9,36.5,52.7,14.9,32.4,41.4,30.3,28.5,23.6,32.5,19.4,40.5,32.4,16.8,28.3,17.7,53,37.3,22.7,23.5,28.2,18,24.6,35.4,10.3,26.4,18.8,27.2,33,18.3,19.4,26.5,55.2,73,55.1,16.6,23.6,32.4,19.6,36.8,46.1,45.3,41.2,35.3,37.5,35.9,25.5,27.1,28.1,40.2,27,24.7,21.7,43.7,36.2,44,22.2,38.7,21.7,35.1,45.9,25.7,24.6,23.2,59.2,25.6,33.7,17.9,32.8,43.7,26.9,28.4,9.7,36.8,47.2,17.6,33.3,28.2,7.8,44.1,31.6,18.4,33.8,45,38.3,41.1,48.6,35.6,31.8,25.9,35.6,44.3
5,23.1,28.4,42.3,45.6,28.2,33,35.2,33.3,38,31.7,37.3,32.4,51.3,9.9,23,28.4,20.8,24,26.3,51.7,36.6,8.9,33.5,18.7,40,44.8,43.7,51.5,21.4,22,40.7,41.4,23.7,41.5,28.3,47.6,45.8,50.1,34.5,42.4,12.3,27.8,16,42.5,27,19.6,20.7,32.7,52.1,43.6,46.4,39.4,50.5,22.3,30.9,52.5,34.4,45.8,53.4,30.8,30.8,35,28.7,28.7,27.3,29.5,24.9,36.5,33.5,15.5,21.7,39.5,25.9,47.1,33.8,63.7,19.7,43.1,19.2,40.3,13.2,76.8,30,19.9,39.9,24,24.3,58.4,48.4,20,32.1,29.7,48.5,24.9,25.1,30.6,9.6,32.7,35.9,23,36.3,31.4,42.4,24.9,55.1,57.9,33.6,22.6,22.5,22.7,35.9,43.5,20.6,44.6,45.7,33.9,56.3,25.8,40.2,21.5,51.3,31,15.2,38.1,24.7,27.9,32.2,36.7,41.7,27.9,25.3,31.5,60.2,37.9,38,33.9,34.5,29.6,32.3,31.7,21.5,35,20.3,19,36.1,36.8,33.5,41.9,38.9,32.9,33.7,22.3,38.7,38.7,48.2,46.5,39.8,35.3,40.2,62.4,12.3,47.1,50.3,62.7,26.8,14.8,46.9,30.6,33.4,15.4,38.7,24.1,18.5,71.9,58.4,28.6,19.6,42.4,37.3,19.7,31,36.4,54.7,18.7,16.9,35.5,26.8,39,28.3,35.7,18.9,33.5,47.6,27.9,35.8,28.1,25.4,26.4,48.3,46.4,39.9,21.7,26.7,20.5,49.8,48.3,42.3,35.4,40.4,39.1,53.1,14.3,39.2,40.1,34.1,25,21.7,35.8,28.3,51.1,32.2,19.7,29.2,17.4,61,50,26.4,30.8,33.6,25.4,22.2,33.2,16.9,25.5,19.3,31.8,41.3,20.4,21.5,27.9,58.9,88.1,58.8,18.2,27.5,32.7,26.9,32.9,48,43,48.1,45.1,40.1,43,29,35.9,35.7,41.9,25.1,26.1,25.1,53.2,43.4,40.1,21.5,34.8,17.9,51,37.7,37,22.9,23.1,59,27.9,28.7,20.4,34.2,30.5,30,35.3,14.9,39.9,51.6,21.3,41.5,34.7,12.7,57.9,35.8,25.4,34.3,49.1,45.1,36.3,62,29.2,44.4,23.6,32.8,43.1
5,24.6,26.8,39.3,50.1,18.3,33.9,28.7,29.3,36.4,33,37.8,34,41.9,9.8,22.5,20.8,19.6,26.6,19.5,38.3,26.5,10.4,30.4,20.5,30.9,38.9,33.6,49.4,13.9,14.8,34.3,32.3,17.5,35.2,27.1,39.4,40.9,50.4,26.1,37.6,11.2,28.2,11.3,39.9,27.8,18.3,20.7,28.8,41.4,37.5,50.4,33.4,54,24.4,26.9,38.5,35.7,39.8,45.8,29.9,26,28,32.4,27.4,19,29.1,28.7,30.4,33.7,13.5,22.6,32.8,25.4,39.1,40.9,54.6,20.6,44.4,19.4,42.2,12,74.2,31.7,17.1,30.9,20,20.6,48.4,39.2,18.7,22.6,17.8,41.8,25.7,23.5,24,10.5,33.5,25.1,21,35.4,22.6,34.7,28.6,39.4,64.4,31.3,23.3,19.7,19.1,37.5,37.5,19.9,31.3,29.3,26.9,46.6,20.6,40.5,15.8,48.7,19.6,13.3,41,21.4,24.6,30.2,22.7,36.1,23.6,18.5,24.2,53.2,29.4,30.7,28.8,24.2,24.4,33.9,33,12.7,32.1,21,15.5,35.3,27.3,26,35.1,29.6,29.7,24.4,15.8,35.9,39.3,47.2,44.1,30.9,33.1,34.4,59,11.2,35.5,48.6,62.4,24.4,19.8,37,18.4,35.2,15.7,33,21.5,18.3,66.1,46.1,23.4,22.2,40.1,28.6,20.5,29.3,31.7,48.9,13.8,12.1,32,23.9,39.3,20.5,35.2,11.6,31.7,43.7,31.1,37.1,24,18,21,35.2,38.7,29.2,15.8,28.4,15.5,46.2,44.3,36.8,31.2,46.1,30.1,48.3,14.4,31.1,36.4,29.4,27.3,24.3,32.8,18.1,39.3,36.5,16.3,32.6,14.6,48.6,35.8,20.6,20.3,28.2,18.4,24.9,29,10.8,25.4,16.4,27.6,30.5,20.2,18.2,24.2,51.2,71.9,55.2,14.9,24.3,33,18.8,32,43.2,45.3,39,32.8,35.9,32,21.6,28.8,24.9,38.1,26.2,24.2,20.6,42,39.9,39,19.9,34.8,18.5,37,36.9,27,22.5,21,58.7,25.7,26,17.9,34.5,36.9,22.1,24.7,12.8,35.8,46.7,17,29,30.3,8.7,42.8,25.1,14.3,31.8,47.4,38,38.6,47,31.8,31.7,24.2,30.7,42.8
5,27.1,29.9,42.8,49.7,29.2,36,36.4,32.4,39.9,32,38.5,33.7,58.9,12.2,22.2,32.2,22,25.3,29.1,57.3,40.3,11.1,31.4,18.8,43.1,48.9,46.2,56.5,25.9,19.4,39.9,44.1,27,41.8,34.9,48.1,46.5,47,33.7,37,14.3,26.5,19.4,40.3,30.7,19.1,21.4,33.2,59.4,47.8,43.6,44.6,54.4,27.7,35.3,60.6,34.3,48.9,53.8,37.3,30.9,33.3,34.6,31.9,30.9,33.4,28.7,42.1,36.4,16.9,21.5,41.1,31.6,47,31.2,68.4,18.6,43.8,20.8,44.4,16.2,82.4,32.4,22.7,44,25.7,28.7,56.8,53.2,21.9,34.3,29.7,50.2,25.5,19.5,31.8,12.1,36.1,35.5,26.3,37,35.9,48.1,25.8,60,60.7,30.7,23,22.8,23.6,32.5,49.6,20,47.1,51.3,36.3,55.3,31.1,38.3,19.6,49.1,31.4,20.6,41,26.1,29.2,34.9,35.2,46.4,35.9,29.2,35.5,64.2,40.7,42.8,35.4,37.6,32,37.8,29.3,18.8,34.9,22.4,18.7,41.8,41.5,36.1,48.5,42.9,34.2,31,19.6,46.5,38.5,42.7,48,45.6,42,44.9,68.3,14,56.4,46.2,66.2,28.1,14.5,49.5,34.9,31.2,18,40.4,25.6,17.7,73.9,64.2,30.3,21.7,43.4,38.5,21.3,36.3,38.7,62.4,18.4,18,44.2,30.2,39.3,28,33.5,16.4,33.9,44.9,30.2,35.2,25.7,20.1,29,52.6,49.9,40.7,19.8,24.9,22.4,58.1,59.2,43.6,32.2,39.7,42.7,51.1,16.5,42.6,39,35.9,26.3,24.6,35.9,28.6,50.4,30.2,21.9,30.1,17.5,62.8,51.7,26.1,31.9,36.1,25.9,26.2,34.7,15.9,29.8,18.3,36.5,39.1,18.1,24.9,30.1,56.5,82.6,60,20.9,32.8,37.4,29.9,31.2,50.4,44.4,47,46.6,36.7,41.5,29.9,42.5,36.9,41,32.3,27.5,27.2,52.8,44.8,40.9,22.2,34.7,16.7,50.9,39.1,41.3,24.9,24.7,62.5,28.8,27.8,22.3,32.6,32.5,30,37.7,16.1,42.4,48.9,20.5,48,32.8,11.5,59.1,33.9,25.9,37.3,58.2,46,32.8,61.2,32.3,50.9,21.7,33.8,50.1
5,27.1,29.9,42.8,49.7,29.2,36,36.4,32.4,39.9,32,38.5,33.7,58.9,12.2,22.2,32.2,22,25.3,29.1,57.3,40.3,11.1,31.4,18.8,43.1,48.9,46.2,56.5,25.9,19.4,39.9,44.1,27,41.8,34.9,48.1,46.5,47,33.7,37,14.3,26.5,19.4,40.3,30.7,19.1,21.4,33.2,59.4,47.8,43.6,44.6,54.4,27.7,35.3,60.6,34.3,48.9,53.8,37.3,30.9,33.3,34.6,31.9,30.9,33.4,28.7,42.1,36.4,16.9,21.5,41.1,31.6,47,31.2,68.4,18.6,43.8,20.8,44.4,16.2,82.4,32.4,22.7,44,25.7,28.7,56.8,53.2,21.9,34.3,29.7,50.2,25.5,19.5,31.8,12.1,36.1,35.5,26.3,37,35.9,48.1,25.8,60,60.7,30.7,23,22.8,23.6,32.5,49.6,20,47.1,51.3,36.3,55.3,31.1,38.3,19.6,49.1,31.4,20.6,41,26.1,29.2,34.9,35.2,46.4,35.9,29.2,35.5,64.2,40.7,42.8,35.4,37.6,32,37.8,29.3,18.8,34.9,22.4,18.7,41.8,41.5,36.1,48.5,42.9,34.2,31,19.6,46.5,38.5,42.7,48,45.6,42,44.9,68.3,14,56.4,46.2,66.2,28.1,14.5,49.5,34.9,31.2,18,40.4,25.6,17.7,73.9,64.2,30.3,21.7,43.4,38.5,21.3,36.3,38.7,62.4,18.4,18,44.2,30.2,39.3,28,33.5,16.4,33.9,44.9,30.2,35.2,25.7,20.1,29,52.6,49.9,40.7,19.8,24.9,22.4,58.1,59.2,43.6,32.2,39.7,42.7,51.1,16.5,42.6,39,35.9,26.3,24.6,35.9,28.6,50.4,30.2,21.9,30.1,17.5,62.8,51.7,26.1,31.9,36.1,25.9,26.2,34.7,15.9,29.8,18.3,36.5,39.1,18.1,24.9,30.1,56.5,82.6,60,20.9,32.8,37.4,29.9,31.2,50.4,44.4,47,46.6,36.7,41.5,29.9,42.5,36.9,41,32.3,27.5,27.2,52.8,44.8,40.9,22.2,34.7,16.7,50.9,39.1,41.3,24.9,24.7,62.5,28.8,27.8,22.3,32.6,32.5,30,37.7,16.1,42.4,48.9,20.5,48,32.8,11.5,59.1,33.9,25.9,37.3,58.2,46,32.8,61.2,32.3,50.9,21.7,33.8,50.1
5,18.2,24.8,24.3,38.5,44.2,39.7,22.8,28.7,45.5,19,30.5,17.3,55.4,17.3,10.3,26.8,17.7,12.9,31.9,57.2,42.5,11.2,26.9,12.3,47.7,41.5,39.6,49.7,37.4,16.4,36.4,38.3,26.5,30,22.3,29.1,46.4,36.7,25,20,10.2,25.3,30.5,28.1,18.4,18.2,22.1,18.1,40.9,37.8,34.2,41.9,33.9,19,32.6,35.9,30.6,41.1,41.6,31.2,26.8,30,20,31,28.9,33.1,24.3,41.9,34.8,19.5,16.2,29.5,29.2,28.5,27.2,58.7,12.9,35.2,19.2,38.1,16.9,64.7,19.3,27.3,31.9,18.4,21.8,34.1,41.2,17.2,21.6,18.2,37.9,14.1,16.5,33.7,13,34.4,36.1,21.9,25.7,34.9,29.7,28.1,79.8,29.7,23,21.1,33.6,21.2,31.3,47.4,14.9,51.5,58.2,30.4,40.2,37,33.6,20.6,34.5,27.5,21.6,23.7,28.4,18.4,25,28,21,29.5,26,48.9,46.7,31.8,36.5,24.2,41.7,26.4,38.1,28.4,19.3,25.9,17.3,17,41.7,42,39,45.5,37.5,25.9,38.1,15.7,39,20.6,22.4,26.9,37.5,40.3,37.5,51.6,11.3,50.7,31.4,38.9,23.9,9.9,34.5,29.5,21.4,16.8,42,23.6,7.7,57.5,49.4,20.8,17.9,29.5,32.2,12.5,33.4,30.8,56.9,24.2,26.3,37,27.4,25,19.3,29.9,14.8,32.2,37.6,14.7,28.9,25.6,23.8,37.1,36.6,24.9,45.5,18.5,16.1,17.7,48.7,37.5,37.6,35.5,28.4,36.9,41.7,18.7,37.6,34.1,22,14.8,24.6,30.9,16.7,54.3,22.3,20.4,23.3,11.5,44.8,33.8,26.2,36.1,33.1,24.2,21,28.4,19.2,18,17.6,22.8,27.7,12.5,29.6,21.1,49.5,57.1,49.5,19,26.9,18.6,32.1,15.6,37.1,33.2,27.5,45.1,27.7,52.1,32,41.1,31.1,19.2,29.6,18.4,19.2,38.8,41.5,22.6,28.7,26.6,21.9,38,37,29.6,13.1,28.7,36,33.2,20.8,25.1,16.3,17.7,27.6,40.5,22.3,53.5,25.4,21.5,29.8,18.7,16.8,43.3,30.2,25.2,22.6,37.6,36,21.5,57.9,30.2,38.7,13.5,16.9,26.6
5,18.2,24.8,24.3,38.5,44.2,39.7,22.8,28.7,45.5,19,30.5,17.3,55.4,17.3,10.3,26.8,17.7,12.9,31.9,57.2,42.5,11.2,26.9,12.3,47.7,41.5,39.6,49.7,37.4,16.4,36.4,38.3,26.5,30,22.3,29.1,46.4,36.7,25,20,10.2,25.3,30.5,28.1,18.4,18.2,22.1,18.1,40.9,37.8,34.2,41.9,33.9,19,32.6,35.9,30.6,41.1,41.6,31.2,26.8,30,20,31,28.9,33.1,24.3,41.9,34.8,19.5,16.2,29.5,29.2,28.5,27.2,58.7,12.9,35.2,19.2,38.1,16.9,64.7,19.3,27.3,31.9,18.4,21.8,34.1,41.2,17.2,21.6,18.2,37.9,14.1,16.5,33.7,13,34.4,36.1,21.9,25.7,34.9,29.7,28.1,79.8,29.7,23,21.1,33.6,21.2,31.3,47.4,14.9,51.5,58.2,30.4,40.2,37,33.6,20.6,34.5,27.5,21.6,23.7,28.4,18.4,25,28,21,29.5,26,48.9,46.7,31.8,36.5,24.2,41.7,26.4,38.1,28.4,19.3,25.9,17.3,17,41.7,42,39,45.5,37.5,25.9,38.1,15.7,39,20.6,22.4,26.9,37.5,40.3,37.5,51.6,11.3,50.7,31.4,38.9,23.9,9.9,34.5,29.5,21.4,16.8,42,23.6,7.7,57.5,49.4,20.8,17.9,29.5,32.2,12.5,33.4,30.8,56.9,24.2,26.3,37,27.4,25,19.3,29.9,14.8,32.2,37.6,14.7,28.9,25.6,23.8,37.1,36.6,24.9,45.5,18.5,16.1,17.7,48.7,37.5,37.6,35.5,28.4,36.9,41.7,18.7,37.6,34.1,22,14.8,24.6,30.9,16.7,54.3,22.3,20.4,23.3,11.5,44.8,33.8,26.2,36.1,33.1,24.2,21,28.4,19.2,18,17.6,22.8,27.7,12.5,29.6,21.1,49.5,57.1,49.5,19,26.9,18.6,32.1,15.6,37.1,33.2,27.5,45.1,27.7,52.1,32,41.1,31.1,19.2,29.6,18.4,19.2,38.8,41.5,22.6,28.7,26.6,21.9,38,37,29.6,13.1,28.7,36,33.2,20.8,25.1,16.3,17.7,27.6,40.5,22.3,53.5,25.4,21.5,29.8,18.7,16.8,43.3,30.2,25.2,22.6,37.6,36,21.5,57.9,30.2,38.7,13.5,16.9,26.6
5,21.4,27.3,47.2,49.6,22.2,35.1,30,27.5,40,37.4,34.7,33.9,44.8,9.6,23.6,22.6,23,27.1,18.6,44,32.7,10.8,34.3,18.9,35.5,42.6,40.8,47.7,16.4,19.7,31.8,30,16.4,35.3,29.4,48.6,37.7,48.9,29.9,39.4,12.4,30,9.4,39.4,29.5,18.8,18.8,31.6,49.1,39.6,51.4,36.8,56.6,29.6,29,39.5,42.2,42.5,47.8,30.7,29.4,28.9,34.6,26.6,21.3,26.1,28.2,31.5,32.9,13.9,24.3,36.2,22.4,42.3,37.9,52,17.5,52.2,22.7,43.7,12.8,72.8,32.5,20.3,34.9,19.3,22,53.6,42.5,18,26,23.2,48.2,24.8,26.1,31.1,9.6,33.9,27.5,21.7,42.2,24.1,42.5,29.5,46.6,68.5,31.6,21.3,22.1,23.5,34.6,39.1,20.3,37.8,32.3,28.6,46.4,23.5,43.7,14.9,45.7,20.3,15,40.9,20.4,27.1,32.3,28.3,38.8,24,27.9,27,51.4,27.1,32.3,29.7,27.7,29.4,36,33,13.7,34.5,17.4,15.2,41.7,35.4,31,37.6,36.9,29.9,23.6,20.7,39.5,39.7,47.7,43,33.6,35.9,35.8,65.2,14.5,39.9,52.9,66,32.3,20.7,50.5,16.6,35.5,14.5,35.6,25.2,18.7,69.7,55.6,29.6,26.4,41.4,30.5,22,32.8,37.7,54,18.2,12.7,32.6,29.3,38.6,23.9,38.7,15.8,38.4,47.8,31.1,40.6,21.4,25.8,20.6,42,40.9,34.8,21.4,33.2,19.5,53.6,51.5,40.6,30,48,37.8,53.5,17,37.7,34.2,34.9,30,24.2,33,24.1,43.3,35.2,17.2,31.2,15.1,53.1,42.5,21,26,34.1,20.3,23.7,35.2,13.3,27.4,21.5,29.7,32.8,20.3,17.9,28.5,57.6,78,57.8,18.4,26.6,33.8,18,35.8,47.6,46.1,41.7,37.4,41.4,38.4,22.7,32.6,32.4,40.5,27.9,29.4,20.9,47.8,40.2,45.7,23.4,33.9,20.7,40.2,42,31.5,26.9,23.7,56,27.2,35.9,18.8,35.6,43.8,30.3,29.6,11.9,38.7,52,17.3,33.6,31.6,10.2,50.6,27.5,21.5,31.2,49.7,41.6,40.7,57,32,35.2,25.3,32.6,43.9
5,19.5,34,20.5,37.7,40.5,40.1,27.2,29.2,46.6,16.8,32.6,19.5,59.2,19.1,13,33.1,17.4,16,27.4,46.9,42.4,10.3,24.6,16.1,48.4,38.1,42.6,52.1,36.8,16.6,30.9,34.4,30.2,27,26.4,31.8,42.5,37,28.5,27.9,12.4,23.2,26.4,30.2,18.3,21.5,15.8,23.4,52.7,37.1,36.9,39.5,34.7,15.3,24.5,40.9,28.2,49.5,42.6,31,22.9,32.3,18.8,28.7,27.4,35.2,22.2,35.1,38.3,13.8,15.2,31.1,26.1,36.2,23.9,59.8,13.4,31.5,17.7,34.1,13.2,60.5,17.1,27.1,25,21.5,25.8,37.7,37.6,14.9,22.9,23.7,37.9,14.4,16.5,32.2,13.7,34.3,37.4,21.1,28.8,32.4,34.2,23.2,71.8,30.7,18.7,18.5,28.9,21.4,31.5,46.4,16.8,49.1,51.1,31.6,38.9,38.4,32.4,17,30.1,25.4,18.6,23.4,26.1,24.1,22.4,30.1,27.3,29.6,26.9,36.9,42.7,35.7,35.9,27,39.4,27.9,27.9,31.3,23.6,26.1,18.6,19.7,37.5,32,31.6,49.2,36.2,21.3,35.2,12.5,37.1,20.9,26.3,30.7,37.9,35.7,38.3,58.9,9.9,51.6,27.6,45.3,24.5,9.9,28.7,30.1,22.7,14.2,38,25.9,8.2,50.3,54.5,16.1,20.4,31.1,31.2,9.1,37.4,34.5,50.9,23.6,26,44.3,20.8,30.5,19.6,27.2,16,32.6,32.8,16.7,29.8,27.5,16.7,33.9,41.3,30.7,40.9,17.5,14.8,20.2,44.8,40.4,35.5,29.6,32.8,41.5,45.6,14.9,32.7,30.1,22.3,17.6,25.9,25.2,15.4,52.7,23.6,20.2,19.6,13.7,44.4,27.4,26.5,44.8,30.6,24.8,22,31.9,18.2,21.7,21,23.5,35.9,13.1,29.9,25.7,56.1,59.3,48.9,16.7,29.7,22.1,36.2,16.9,41.1,40.8,37.1,38.2,26.3,52.1,29.2,37.9,31.8,23.5,33.1,23.1,20.2,39.2,45.3,19,26.3,28,18.3,48.5,38.9,29.6,16.1,30.1,44.4,32.4,19.2,20.7,12.8,20.1,25.4,40.4,22.8,51.2,26.5,22.2,34.4,20.2,17.3,50.6,29.6,24.1,26.8,42.2,39.2,24.6,59.8,25.6,38.2,15.1,17.3,32.6
5,17.3,36,23.5,41.3,43.1,41.3,28.2,28.4,50.8,17.4,28.3,18.2,55.2,19.4,13.4,29.1,17.8,14.7,34,54.5,41.2,8.8,24.4,16.1,51.1,43.2,45,44.9,39.1,19.6,37.3,33.8,28.2,26.9,25.9,34.6,42.9,37.3,31.8,25.1,9,28.9,30.9,30.1,17.5,22,17.7,24.7,50,37.6,36.6,45.6,37.3,17.8,27.7,37.5,28.4,44.7,41.2,30,23.5,29.9,17.4,28,29.6,25.7,22.7,38,41.1,15,15,34.4,30.7,33.7,28.2,60.8,13.6,31.7,19.7,39.2,14.8,67.3,20.5,28.9,28.4,20.5,24.9,40.7,45,19.5,26.5,20.3,38.2,15.2,18.4,28.5,14.7,29.7,37.6,23.4,28.5,35.4,33.5,28.9,67.4,33.4,20.8,21.8,31,22.7,33.5,46.1,13.6,49.3,52.5,34.8,38,35.3,33.2,18.8,33.4,32.7,20.8,24.8,29,24.5,22.8,29.3,24.9,35,25.8,43,46.6,32,36.6,26,38.1,31.1,30.1,32.8,20.4,25.5,19.1,17.3,39.8,38.2,35.1,44.9,34.8,21.8,33.4,13.2,41.9,21.1,26.7,30.2,37.5,35.8,37.5,55.3,10.5,51.5,29.8,47.9,23.9,11.3,26.9,28.9,22.9,13.2,38.3,26.5,9.5,57.8,55.7,18.1,21,31.1,31.8,10,35.7,33.7,55.3,21.8,27.1,38.2,26,24.5,19.6,25,16.6,31,33.6,17.2,34.4,24.4,20.2,34.8,40.4,28.8,45.9,19.6,16.7,20,43,38.2,35.8,32.9,33,47.1,43.5,17,36.8,29.4,22.9,16.9,22.2,25.9,15.5,47.5,29.5,19.8,22.7,15,48.7,30,25.2,44.3,31.2,26.9,19.3,29.2,16.5,18.6,19.7,23.3,35,13.7,36.1,22.6,57.4,59.5,57,18.9,34.2,19.9,39.2,14.9,41.3,38.9,35.8,42.8,28.8,48.9,32.3,40.1,35.6,18.5,33.4,23.2,19.3,41.9,42.1,20.1,28.2,32.5,21.5,43.7,39.7,29.4,14.6,29.6,42.8,32.8,21.4,21.4,16.8,20.6,26.9,43.3,26.2,52.9,27.2,23.6,33.7,21.8,19.9,50.7,32.8,29.5,27.2,43.7,38.1,24.8,61.3,29,39.7,13.3,17.3,28
5,24.3,31.5,42.3,45,29.5,35.5,29.6,32,39,30.7,35,31.4,55.4,8.7,19.9,32,26.3,24.3,27.4,48.4,34.7,10.9,32.4,17.5,42.8,46.2,47.1,52.4,24.7,24.5,40.5,36.3,25.2,37.1,31.9,45.7,46.4,45,34.5,35.3,14.2,26.9,16.4,38.6,26.6,18.9,20.5,33.7,58.5,40.1,44,45.8,49,20.8,29.7,51.1,34.2,43.6,51.1,31.2,29.7,35.1,29.9,27.7,24.1,29.7,25.2,38.2,40.2,13.2,21.4,42.4,26.3,49.9,32.2,61.6,20.1,46.9,18,40.6,16.5,74.9,29.8,22.1,39,24.7,26.8,55.8,47.8,21.7,29.3,26.9,48.1,25.8,22.1,30.2,11.6,34.5,36.2,20.5,35.5,35.8,44.6,25.9,57.5,51,25.9,18.4,20.8,22.9,33.7,46.4,20.3,46.6,48.9,36.5,50.9,27.1,39.3,17.2,49.2,28.1,18.6,37.4,25.8,26.6,30.8,31.1,40.3,30,30.3,30.1,63.3,38.6,38,35.4,34.6,30.6,33.6,32.4,20.4,31.7,21,16.9,35.3,36.7,34.7,41.7,43,32.1,31.5,19.4,42,37.7,42.2,47.4,43.5,41,43.7,62.6,12.9,49.7,41.6,60.1,24.6,15.2,47.5,30.8,34.7,14,38.1,21.2,15.7,67.9,64.1,29.8,21.7,34.9,32,18.4,34.4,39.5,56.8,21.2,16.8,40.5,26.3,37.1,26.7,31.3,17.5,29.9,37.9,34.3,32,23.2,25.7,26,47.7,47,40.8,19.4,25.1,21.8,53.4,51.4,38.5,30.5,43.8,37.9,45.6,16.8,38.7,33.9,33.1,25,24.4,31,25.4,44.9,28.7,19.3,25.9,17.7,60.1,41.3,23.1,33.4,34.9,25.9,26.3,32.2,19.1,27.8,19.9,36.5,37.8,17.1,22.8,28,59,74.5,55.4,18.9,25.4,33.5,28,29.4,44.7,40.9,47.3,39.4,35.3,47.3,21.8,32.6,38.2,40.1,28.7,26,21.5,45,45.1,35.7,24.4,30,17.6,52.2,37.8,37.4,24.6,22.9,54.8,28.7,26.1,20.1,32.3,30.4,26,34,15.7,42.2,44.5,20.2,45.6,32.8,14.5,51.3,32.2,29.3,32.5,60.4,44.5,35,54.6,31.2,45.8,20.3,30.6,46.6
5,21,31,24.8,41.2,38.3,38.1,29.1,28.6,45.6,18.5,31.2,21.1,53.6,19.7,14.7,26.1,18.9,16.9,31.5,47.6,40.4,10.8,25.1,16.4,46.6,38.3,44.9,48.4,35.3,16.7,40.4,37,29.1,28.8,26.3,31.7,42.6,34.6,32,28.2,8.4,24.7,26.3,31.7,20.2,20.7,17.9,24.7,50.9,42.4,41.6,43.2,33.1,17.7,27.1,40.5,26.9,47.7,42.5,31.3,23,30.8,19.1,31.9,27.6,29.5,25.8,37.1,41.3,13.7,15.1,34.9,27.9,40.7,23.9,58.9,11.9,31.8,17.8,35.1,14.1,66.2,20.5,27,28.2,19.4,23.9,44.5,42,16.6,23.9,24.7,34.9,12.8,19.3,31.8,12.8,29.5,38,23.7,25.8,35.1,37.2,29,66.5,36,19.9,16.8,28.8,23.5,34.4,50.6,15.5,50.4,54.1,31.7,42.9,36.9,28.8,16.4,36.6,30.6,19.8,23.9,29.9,26.1,22.4,26.6,28.8,32.8,24,38.6,43.1,33.4,40,23.2,35.2,30,28,26.8,24.4,27.7,18.1,18.3,41.3,37,31.6,51.2,35.5,21.8,33.8,14.8,40,23.2,25,27.8,37.4,38.4,35.5,55.1,9.6,49,32.1,46.6,29.9,10.3,27.5,30.9,23.4,12.2,37.3,25,8.3,52.1,59.2,19.6,22.3,28.2,28.9,8.9,34,36.5,55.6,19.6,28.1,42.9,19.9,25.5,22,25,18.3,30.5,40.9,13.8,32.8,24,19.7,34.8,40.5,30.2,43.4,14.9,14.5,21.2,43.7,38.6,37.2,28.2,34.8,45.2,40.3,16.3,33.2,33.2,25,19.7,22,25.3,17.2,47.7,27.4,19.4,20.6,15.6,49.8,29.4,24.9,41.7,28.6,22.4,20.7,30.4,16.1,18.9,19.1,26.2,34.5,11.4,35.5,26.2,55.4,60,53,17.7,31,21.4,33.8,15.4,41.7,40.2,36.6,34.3,28.3,49.8,34.7,39.8,31.3,22,29.8,23.9,20.6,40.5,41.4,23,30.3,27.4,21.2,46.1,33.8,32.6,16.8,29.5,46,35.6,16.1,19.7,14.2,19.6,22.5,40.3,24.8,47.5,29.2,19.8,33.8,23.2,19.8,56.1,32.9,26.7,29.8,49.7,40.4,21.2,59.2,27,36.8,14.1,19.1,32.1
5,22.2,22.1,44.1,46.3,18.4,33.1,28,28.4,39.2,32.9,40.3,35.4,42.1,7.6,22.5,22.4,21.3,23.3,19.6,46.9,27.6,10.5,31,22.3,32.2,39.4,29.8,47.6,12.4,18.7,33.4,31.8,15.9,34.4,29.9,41.1,41.9,52.2,29.3,42,13.4,25,10.2,41.5,29.5,21.2,22,32.7,43.5,39.9,48.6,36.2,59.6,29.3,25.2,37.2,36.9,40.8,47.6,27.2,30.7,32.8,37.6,28.9,17.2,28.1,30,33.1,32.6,14.6,23.8,35.3,26.2,42.5,40.6,57.2,15.5,48,19.9,42.7,12,71.7,37.5,18.8,31.9,20.3,21.4,54.2,39.9,18.5,23.6,22.4,46,25.8,26.6,28.9,8.6,32.7,27.9,20.2,41.7,27.2,36.9,28.4,44.5,70.3,29.6,24.2,18.4,25.9,35.8,38.1,17.7,36.1,30.6,29,46.2,20,45.9,16.6,41.4,20.8,14.3,45.6,19.3,22.2,34,29.3,36.6,21.6,23.5,24.1,56.5,28.9,25.9,28.8,28,28.5,38.6,31.5,13.3,34.3,17.7,15.5,38.7,31.1,28.6,38.5,34.5,29,22.6,17.3,38.4,40.7,48,45.1,33.6,33.9,33.4,60.6,13.9,38.3,50.4,61.3,26.7,18.9,44.9,18.6,35,15.9,33.2,23.4,16.5,63.4,49.8,27.5,21,36.6,31.3,18,31.2,33.4,49,13.3,9.1,30.9,27.9,36.8,21.1,36.4,14,32.7,43.7,32.6,42.5,23.6,21.1,21.7,42.9,42.8,32.5,18.3,27.9,17.8,42.5,48.6,39.1,30.8,47.1,33.2,52.7,13.3,32.8,37.1,31,30.2,23.6,29.6,23.3,39.3,34.2,19.1,30.2,18.5,54,40.6,20.8,22.3,30.7,20.3,21.4,36.8,13.6,28.1,19.5,24.7,29,21.1,18.7,27.2,55.4,78,50.8,15.8,26,30.1,21.4,40,44.1,48.1,42.9,34.4,40,35.2,18.8,25.1,28.2,38.9,26,27,18,41.7,36.4,39.6,20.5,36.9,19.7,38.1,42.9,30.4,25,22.5,58.9,23.6,34,18.8,33.9,42.7,29.3,28.1,13.5,38.8,49.8,13.5,35.3,29.5,8.7,45.2,28.8,19.9,31.7,49,41.4,39.4,49.7,33,32.6,22.6,32.1,43.2
5,24.1,25,33.8,44.7,25.7,33.2,31.9,29.8,40.2,30.6,32.4,25.4,54.3,10.7,21.1,29.1,19.4,23.5,24.2,46.8,34.6,9.3,33.3,17.5,39.6,40.5,45.2,55.8,23.3,23.4,37.1,37.5,24.1,34.6,25.6,43.6,41.1,42,31.8,36.5,12.6,23.1,18.5,35.8,26,15.3,14.8,30.7,55.7,45.9,44.9,41.3,42.7,17.7,27.9,46.1,34.2,42.6,48.6,27.1,27.9,32,25.8,24.4,25.4,30.6,22.2,34.8,35,16,17.9,36.5,27.6,45.2,27.5,55.5,17.3,40.8,15.2,40.7,13.6,69.9,24.6,18.4,35.5,22.3,28.9,53.5,48,21.5,28.2,25.3,39.7,21.6,19.9,30.8,11,33.7,34.6,20.5,30.9,36,39.7,25,54,49.8,24.9,20.1,21.8,17.7,36.5,47.3,20,41.8,48.1,33.6,51.5,26.4,35.4,16.4,40.1,30.8,15.3,32.9,23.7,21.8,27.6,32.5,37.6,31.4,27,33.1,57.2,36.3,37.4,32.4,32.1,28.3,27.9,27.4,20.9,31.7,18.5,18.4,34.6,36,35,44.8,39.6,31.3,33.3,18.1,37.1,34.3,38.9,42.3,37.4,41.4,38.9,63.9,13.1,49.2,40.6,55.4,22.7,12.8,42.4,33.8,28.5,13.8,33.5,20.7,16.2,64.7,62.9,22.6,20.9,35.7,34,16.5,35.3,39,47.9,20.7,20.3,43,24,38,26.6,30.1,17.3,34.5,36.9,27.5,29.7,22.2,23.3,26.1,40.8,45.6,32.9,17.5,21,20.9,48.8,51.5,39,29.7,34.1,38.7,49.3,15.2,36,33.3,33.7,26.1,21.2,31.7,21.7,48.7,28.9,19.7,27.6,15.8,52,37.3,23.4,32.3,34.3,27,24.6,34.2,15,25.1,16.9,35,34.7,16.7,24.6,27.2,58,75.8,50.6,19.7,27.9,32.6,27.6,26.8,44.6,42.1,44.1,36.5,29.3,42.6,23.6,37.1,36.2,35.2,26.3,27.6,21.6,52.1,40.7,30.9,20.7,27.5,14,51.8,33.8,34,22.4,24.6,58,27.9,21.4,19.8,30.1,28.1,25,31.9,12,38,43.4,17.5,39.2,27.9,13.4,48,38.8,23.4,33.3,46.6,42.6,30.8,53.9,28.1,41.9,20.7,26.8,40.7
5,21.9,29,44.2,49.9,24.4,34.4,31.8,32.1,37.1,33.9,35.8,36.2,52.5,9.9,26.2,29.6,21.9,25.3,29.1,53,34,10.7,33.4,17.5,38.8,42.4,40.8,52.5,19.2,19.1,38.5,36.9,22.4,35.5,30,46.8,45.4,46.5,32.2,39.4,12.9,24.3,14.3,39.4,27.4,18.1,18.5,32.7,49.8,42.7,43.6,41.3,52.3,24.3,29.6,44.9,36.1,44.4,55.6,31.5,31.8,32,38.1,27.9,26.9,30.1,26.9,35.5,39.5,15.7,21.3,38.8,28.6,42.5,33.8,61.6,18.5,45.7,20.7,44,15.3,76,31,20.5,41.6,22.1,25.2,55.5,51.9,23.4,30,23.6,48.6,28,26.3,34.1,9.8,33,32.7,20.4,35.6,34,44.7,28.3,51.6,64,28.3,22.4,22.2,21.2,33.1,42.3,22.4,39.8,39.4,33.3,52.3,29,41.5,16.7,43.8,28.6,14.9,39.5,24.1,24.4,32.3,33.3,42,29.1,29.4,36,59.4,33.6,38.6,31.7,30.7,28.2,36,27.4,18.5,34.1,17.4,14.7,35.5,38.9,32.5,42.9,44.1,28.6,33.4,22.4,41.4,39.4,44.4,48.5,42.1,32.8,41.9,63.7,12.9,53.9,49.6,63.9,26.7,15.6,50.8,27.8,33.6,16.3,33.9,22.1,18.2,77.9,61.3,29.4,20.5,42.6,34.8,21.7,34.6,36.2,52,19.7,14.5,39.4,29.2,40.6,28.4,35.9,16.5,36,43.6,32.2,37.7,28.6,24.1,28.9,48,49.3,35,20.3,26.8,20.8,51.5,53.5,42.4,25.7,42.6,37.7,57.1,15.5,39.2,41.6,35.1,28.5,24.7,35.1,26.5,52.9,34,17.9,28.7,17.1,58.8,46.5,23.4,30.9,35,21.5,25.5,33.3,15.5,24.8,18.1,33.9,35.7,18.1,21.2,30.7,62.7,81.1,54.6,18,27,35.8,26.9,31.2,44.1,46.4,48.4,43.3,40.7,43.5,23.6,36.4,34.6,44.2,27.5,27.3,24.5,51.3,39.9,38.4,21.2,32.6,18.4,48.7,38.7,37.6,25.3,21.7,56,29,31,21,35.4,35.3,29.1,34.4,13.2,38.1,53.2,19.5,43.9,34.5,11.8,52.7,34.1,24.5,34.3,52.6,46.7,37,59.5,30.6,43.3,20.2,31.4,47.1
5,28.8,27,47.5,55,25.8,34.9,32.2,31.8,41.8,37.2,39,37,51.4,11.3,21.1,26.7,22.3,30.2,24.3,57,37.6,11.8,36.5,20.6,40.3,45.1,44.2,53.2,17.9,19.1,39.4,38.5,19,36.6,39.8,50.6,43.7,55.3,32,39.2,15.1,28.1,14.8,44.1,33.2,21.7,22.5,31.1,55,41.3,51.1,40.3,58.5,29.9,30.5,45.8,37.3,47.4,51.9,31.2,31.3,34.6,37.4,27.8,25.1,32.2,31.4,39.3,39.1,16.5,26.5,37.1,29.3,43.7,39.4,59.7,20.5,48.1,23.3,49.1,16,83.5,36,19.7,41,22.3,25.8,54.8,49.2,22.9,31,24.2,48.7,28.4,24.3,28.4,11,36.4,32.9,24.2,46.6,27.1,42.4,28.7,57.3,69.5,32.6,26.1,25.6,24.7,35.9,45.6,20.5,43.4,37.1,34.5,52.6,27.2,47.6,17.9,50.9,27.3,18.9,42.3,26.6,23.6,34,32.2,41.6,28.6,26.9,32.6,62.2,35.4,32.9,32.6,36.4,30.7,37.9,35.6,15.8,33.1,16.1,15.3,41.1,34.8,36,46.7,38,33.5,30.6,21.5,41.7,40.4,50.8,46.1,36.7,42.1,42.9,65.7,14,44.7,57.1,69.2,29.4,17.9,49.1,23.1,41.5,14.1,42.2,25,19.7,74.2,62.1,31.6,25.9,40.3,35,21.9,35,39.2,57.5,21.7,15.2,35.5,31.8,40.4,27.1,36.7,14.4,37.2,51.9,31.8,41.2,24.6,24.7,30.2,42.9,45.8,37.8,22.7,28.2,21.8,56.6,58.5,45.7,29.7,46.2,39.6,52.7,17.1,42,40.1,36.3,31,26,35.9,23.9,44.7,37.9,18.6,30.4,18.5,62.1,47.6,24.9,27.8,35.7,20.1,25,36.7,16,27.6,21,39.1,34.3,20.2,21.1,32.9,60.4,81.9,60.3,19.4,27.4,35.4,25.2,38.1,48.5,49.9,45.1,43.7,43.9,45.9,23.7,33.2,35,39.8,31.6,29.3,21,50.4,43.3,45.1,22.9,36,21,46.8,44,36.4,29.6,25.6,63.8,30.7,33.6,22.3,39,41.1,29.4,37.7,12.9,38.8,49.8,22,40.4,34.8,11.6,52.6,30.3,23.5,30.9,56.3,35.8,40.7,57,33.5,40.9,23.7,36,48.5
5,25.5,37.5,31.1,48,40.9,45.1,35.6,29.3,46.1,25,35,30,53.3,18.2,18.6,34.5,22.1,24.3,27.4,53.4,43,13.5,26.3,22.2,55.3,44.6,46.9,52.6,35.6,21.9,46.3,41.2,34.8,29.6,30.5,45.7,46,42.5,34.9,32.1,11.9,25.3,22.7,40.1,26.5,24.9,19.4,32.9,65,47.1,46.3,43.3,41.8,18.2,28.4,48,29.4,49.2,41.8,36.1,26.1,31.6,26.1,32.2,31.5,36.3,26.2,45.8,41.7,15.5,15,40.7,31.4,44.2,29.2,60.6,16,37.1,22,47,14.5,75.4,27.8,23,37,22.8,30.5,49.8,48.6,19.7,28,31.3,45.8,18.1,21.7,31.2,15.3,35.4,35.3,24.8,32.9,33.9,40.7,27.3,66.3,48.8,22.9,20.9,30.4,22.3,38.6,52.6,17.9,48.2,53.2,34.4,48.4,36.3,37.2,15.9,39.5,35.9,23.5,35.8,28.2,32.1,26.2,35.4,35.8,34.7,28.6,40.5,54.6,40.2,42.7,26.8,39.4,35.5,33,31.5,21.5,29.1,20.8,19,43.3,34.4,36.8,55.2,39.2,24.3,32.9,18.1,47.3,28.6,35.3,36.9,38.1,42.7,39.2,62.5,11.1,54.3,40.8,61.9,29.5,11.6,38.2,33.7,30.5,13.6,40.7,24.7,12.9,58,66.4,21.7,25.6,35.9,34.3,13,43.2,40.3,59.4,23.2,25.2,45,27,34.9,26.3,31.1,16.2,34,44.6,24,39.2,29.1,24.4,38.4,44.7,38.4,43.4,22,18.3,25.5,52,50.1,45,31.4,38.3,49.9,48.2,18.9,36.2,38.8,30.6,25.6,26.9,26.7,21.2,60.4,32.9,18.2,21.8,20.1,52.6,33.2,28.8,41.6,32.6,26,23.8,38.3,17.4,20.8,23.1,32,41.5,15.8,29.8,28.4,64.7,69.7,69.9,17.3,36.7,27.7,32.4,23.7,46.7,44,45.8,39.5,32.7,53.7,34.2,40.1,39.1,28.9,31.7,31,24,48.5,44.4,31.7,31.3,33.4,18.6,53.3,40.9,40.1,20,28.9,55.2,35.8,19.3,21.5,24,27.2,27.3,42.1,23.2,56.2,39.3,20.1,40.2,29.6,17.8,62.8,38.1,33,35.6,58.7,45,30.3,66.7,28.9,43.8,19.6,23.6,37.1
5,18.1,32.5,26.2,41.5,41.9,37.8,30,31,48,18.5,29.8,18.4,56.4,16,12.1,32.2,19.8,16,35.7,55.4,45.8,8.4,24.4,14.8,52,41,46.1,50.5,37.3,19.1,39.6,41.2,30.6,32.7,26.6,32.5,43.3,39.4,25.5,24.8,10.1,26.8,31,30.2,17.6,18.6,19.3,21.7,45,38.3,32.5,40.3,37,19.5,30.4,35.6,28.1,45.2,51.1,33.7,24.4,27.6,23.2,29,31.5,31.9,22.9,42,37.8,15.1,17,32.7,31.1,32.6,26.7,56.3,14.4,33.8,18.9,36.7,16.5,68.1,20.8,29.2,30.3,23,23.3,38.2,42,17.6,28.5,18.7,43.6,18.7,20.4,30.9,13.8,38.6,36.4,22.4,25.3,34.4,35.5,25,76.1,33.7,24.7,22.2,34.1,23.7,34.1,49.7,14.7,53.9,55.3,37.7,45.3,41,38.2,20.4,36.1,31.8,24.5,24.9,27.2,23.9,26.6,32.5,24.8,34.5,27.1,46.1,44.7,32.6,39.9,26.2,39.1,30.5,35.9,33.4,21.2,28.7,19.3,19.6,41.8,40.9,37.8,48.3,37.5,24.7,35.3,16.3,40.4,23.6,24.2,33.5,47.5,38.8,43.9,55.3,9.9,53.9,29.8,45.4,23.5,11.5,31.2,32.5,23.3,16.4,43.4,24.8,8.7,57.3,51.2,20.4,17.8,29.1,31.7,11.2,35.4,34.5,62.1,25.6,28.9,39.1,25.5,26.8,18.9,26.9,16.3,34.3,41.6,15.1,31,26.7,20.8,37.8,42.1,29.5,45.8,18.9,18.5,19.8,51.4,44.6,38.7,36,32,45.7,41.5,21.2,40.5,36.1,23.1,17.3,26.9,22.7,15.6,53.4,25.8,21.2,24.4,13.6,47.2,33.8,27.3,41.1,31.2,23.2,17.7,29.3,17.7,18.8,18.1,26.1,33.5,14.4,35.6,25.2,52.9,55.5,57,16.4,30.5,17.6,36.9,16.6,40.1,36.1,35.8,50.7,30.9,55,34.6,45.3,31.9,19.3,34.5,23.2,22,43.7,36.9,21.2,31.3,30.5,21.1,44.1,39.9,35.9,18.1,31.9,44.1,35.6,22.2,21.9,19.5,20,30.2,45.1,23.7,52.4,24.9,24,34,20.8,17.8,41.2,32.5,27.1,25.4,41.5,38.1,23.7,55,29.9,41.7,16.9,19.1,29.7
5,27.6,27.1,52.3,47.4,19.3,33.2,28,34.8,36.1,36.3,40.7,40.3,40.6,9.1,23.8,25.8,23.2,25.8,19.5,42.4,27.5,13.1,32.8,19.5,34.2,42.1,33.3,44.5,13.7,17,35.8,29.1,16.5,32,33.4,49,41.8,50.4,29.1,41.9,15.2,28.2,9.5,38.9,29.8,21.5,22.2,33.7,48.2,36,50.6,34.8,58.8,29,28.6,39.2,40.8,40.8,51.7,27,29.9,32,33.9,28,19.9,26.3,29,33.9,35.2,16.6,24.9,31.5,21.1,43.9,34.3,55.8,17,47.4,25.4,45.2,12.9,76.5,35,16.5,38.4,23,22,51.6,39.2,17.5,22.4,23.5,46.1,27.5,24.5,28.4,7.9,37.4,27.1,19.6,41.8,24.7,39.6,29.5,40.5,72.9,31.5,21.4,21.5,28,38.9,40.4,16.2,36.5,30,29.4,44.9,20.6,46.1,15.7,43.5,17.9,17.2,46.7,22.9,22.8,31.4,28.1,37.4,27.1,21.5,24.9,55.7,29.3,24.4,30.1,28.5,24.4,36.2,32,14.7,32.2,18,13.6,38.6,28.4,33,34.5,35.9,31.4,25.4,19.1,36,44.5,45,42.9,33,36.4,34.4,64.1,11.9,38.5,52.5,62.1,28.1,17.2,48.8,14.8,34.5,15.6,32.1,26.3,20.3,67.3,48.3,27.9,25.3,34,28,21.6,31.5,34.5,55,17.1,9.9,33.2,28.6,37.2,20.7,38.5,11.5,39.8,48.3,30.8,45.5,24,18.6,20.1,42.5,40.7,32.1,19.2,27.4,19.5,53.8,55.8,43.2,25.8,44.8,33.4,55.6,16.5,37.3,38.9,30.8,30.2,25.9,28.4,20.6,42.5,34.6,17.8,35,19.2,54.9,41.5,20.4,21.7,31.1,19.2,22.2,32.7,13.3,29.8,20.8,24.5,29.8,21.8,16.4,29.8,63.1,69.8,52.4,17.1,21.7,31.8,21.4,36.6,49.5,45.5,39,36.4,39.9,35.7,25.5,28,31.9,42,29.3,25.7,21.2,44,40.4,48.2,21.7,33.5,22,37.6,42,29.8,29.8,23.4,59.7,26,39.1,19.4,37,43.8,28.1,29.4,11.9,41.6,51,14.4,31.6,30.4,6.7,42.1,30.8,20.4,33.6,44.7,36,41.2,48.7,35.3,31.5,24,34.5,42.6
5,25,28.9,44.4,48.2,27.3,39.9,28.8,31.4,39.2,38.8,36.1,37.3,48.4,12,17.5,30.7,24.3,27.6,25.7,55.3,41.3,13.5,34.1,20.5,40.2,46.5,36.5,51.8,20.8,16.9,37.4,32.3,21.4,38.8,36.9,51.5,47.4,53.3,35.9,36.1,16,27,14.8,42.2,29.8,23.5,22.7,27.4,47.3,42.1,48.1,40.5,51,30.4,32.7,40.4,41.6,43.7,51.3,31.2,30.6,31.7,35,29.9,25.7,34.3,32,36.5,40.9,14.1,22.2,39,21.3,37.6,34.4,53.4,17.8,43.1,23.8,49.1,14.7,86.4,33.3,20.5,36.9,24.5,26.6,54.4,42.5,19.3,27.4,24.7,49.5,25.9,23.3,33.1,14.9,43,37,21.5,45.2,29.8,40.9,32.9,53,67,30.4,22.6,24.6,27.3,25,46.2,20.3,38.9,37.3,30.7,42.2,28.5,46.9,16.8,46.7,21.1,17.9,40.4,30.1,21.9,32.5,28.8,38.8,30,23.8,32.9,60.9,32.2,30,29.5,32.7,28.9,37.3,35.1,17.7,33.8,16.5,14.8,44,35,37.8,44.7,39,28.4,25.1,19.2,39.2,37.7,45.5,41.4,38,44.8,37.2,65.8,15.6,42.6,54.5,64.6,31.7,16.3,52,21.5,36.4,15.8,41,24.6,18.3,74.6,58.8,31.5,24.1,40.3,29.8,22.4,33.7,38.7,59,23.2,17.8,42,22.9,36.3,22.8,32.8,10.7,41.2,53.5,32.4,41.9,27,21.7,28,44,44.6,37.8,23.2,34.3,18.9,64.4,62.7,45.1,25.2,43,40.5,57,18.1,43.4,40,28.1,31.1,29.2,33.6,24.5,51.9,35.9,16.7,30.2,16.3,62.1,43.9,27.4,25.9,32.4,23,25.9,35.2,17.2,29.1,22.6,29.6,32.1,19.3,18.5,32,62.5,74.5,59.7,18.8,26.8,33.3,23.2,29.4,48.2,42.2,39.7,40.4,37.3,45.3,26.1,36,39.9,38.7,36.9,29.3,20.3,43.3,43.2,41.8,27.1,35.6,20.3,36.6,42.3,38.8,27.5,27.2,62.4,30.4,35.6,22.4,36.7,45.1,29.5,39.1,13.8,43.5,49.3,21.7,33.1,26.9,10,47.5,26.9,23.4,27.3,52.3,36.2,34.3,61.5,38.2,39.4,28.1,29.8,42.6
5,23.9,38.3,32.6,46.4,41.7,45,33.1,28.9,52.3,18.7,34.7,23.7,55.5,21.4,15.6,33.3,21.6,21.6,32.8,52.9,50.3,11.4,26.1,18.9,58.1,42,52.8,59,34.2,20.3,41.9,40,31.3,37.7,31.9,41.5,44.7,45.7,30.4,30,11.8,28.5,30.8,34.8,24.7,26.6,19.9,26.8,58.4,44.7,42.1,48.4,44.1,21.2,30.1,45,36.3,50.1,50.9,34.7,27.6,34.6,26.9,32.5,35.1,37.5,24.2,49.8,45,14.7,16.5,41.9,33.2,37.7,28.1,64.9,15.4,40.5,20.4,40,17.4,75.7,23.8,28.9,33,25.1,31.1,49.7,48.6,20.4,33.3,30.4,47.9,16.2,20.5,32.8,15.3,35.6,43.6,28.3,34.5,38.6,40.5,30.4,74.6,46.3,24.8,22.6,35.7,27.1,35.4,56,19.2,53.4,54.9,36,47.5,39.4,40.1,20.2,41.8,34.5,22.9,30.5,28.7,28.9,28.1,37.9,33.8,36.2,31.2,45.2,54.3,36,46.4,30.1,38.7,36.6,38.3,33.8,26.9,29.1,19.7,21.9,45,46.2,39.2,53.8,36.9,28.6,37.4,18.3,47.6,26.7,29.9,34.9,44.9,41.2,47.4,65.3,9.2,58.1,38.3,56,33.7,12.6,35.7,32.7,31.9,15.5,41.5,28,12.7,59.2,63.1,22,24.5,35.8,33.7,13.1,43.7,38.9,59.2,26,29.1,48.1,28,31.4,20.3,36,18.1,38.8,41.9,19.1,38.5,30.4,27.8,37.4,48.2,35.6,47.7,22.4,16.9,20.8,54.6,49.9,41.1,35.7,39.9,54.5,59.1,18,45.7,38.1,28.6,23.2,29.8,31.2,20.5,59.7,36.2,22.1,26.7,18.9,55.7,37,34.6,42.2,30.7,22.7,25.4,42.3,18,24.4,25.2,29.2,41.4,17.5,33.4,27.9,65.3,70.6,67.3,16.5,36.7,24.6,37.6,22.4,46.5,49.7,41.5,45.5,32.2,58.6,36,49.5,37.8,26.3,34.2,30.3,22,51.2,45.7,30.7,34.5,35.1,20.4,49.3,44.6,37.4,17.2,33.4,57,38.1,22.1,26,24,28,30.2,50.3,28.3,53.3,36.8,25.2,42.6,28.9,20.8,61.4,37.2,28,31.5,55.2,41.2,33.2,66,31.7,45.8,19.8,23.5,34.9
5,22.3,31.5,37.4,41.8,29.6,37.4,35.4,28,34.7,31,32.2,28.4,48.7,13.4,22.8,29.4,21.4,23.3,24.7,51.4,37.7,11.5,29.8,18.4,50.5,45.1,45.1,45.2,32.6,22.8,35.2,41.7,28.3,34.2,30.6,44.4,41.3,41.9,36.6,30.1,10.7,24.7,16.7,36.8,27.9,21.2,16.1,34.4,61.7,44.5,45.2,41.6,40.8,18.9,28.3,49.1,34,43.9,51.1,35.3,27.8,35.3,28.3,28.5,28.5,34.3,21.5,39.6,41.6,12.6,18.5,39.5,26.6,48.8,30.4,62.6,19.3,42.3,16.5,42.5,14.9,72.9,21.9,18.8,35.7,22.5,26.6,55.7,49,17.6,28.2,32.1,50.6,21.8,20.6,28.3,11.3,30.2,39.1,19.3,32.9,32.4,45.2,24.4,59.6,50.1,20.6,20.9,22.9,20.8,36.9,43.7,19,46.7,48,34.2,49.6,33.3,36.1,14.9,41.1,31.5,19.5,33,28.6,28.3,26.6,30.5,40.2,33.7,29.2,32.1,55.4,35.7,41.9,29.8,34.8,30.3,33.8,31.1,23.7,28.9,19.7,19.5,34.7,35.3,36,50.1,41.5,29.7,34.9,21.8,44,35.3,39.9,40.4,40.8,40.3,42.9,65,12.7,47.8,40,59.5,25.7,12.2,43.5,33.1,27.8,12.9,35.8,20.6,14.1,62.6,64.4,27.2,22.8,34.3,31,16.7,34.7,40.2,53.8,23.9,22.1,43.2,27.4,39.1,26.9,29,20.9,30.7,37.8,30.6,31.9,25.5,22.1,31.1,47.8,44.5,35.9,20.9,19.3,25.2,48.4,47.8,45.7,27.4,38.4,41.5,48.9,16,35.3,35,33.3,28.8,24.5,29.3,31.1,53.2,28.7,19.6,23.8,18.4,53.5,38.4,22.3,37.3,30.5,28,23.5,41.7,17.9,26,21.2,34.9,40.3,16,22.8,28.8,63.6,71.9,57.5,20.9,30.2,32.1,27,27.3,43.1,42.3,49.6,43.1,30.2,48.5,26.4,35.8,33.8,35,27.6,26.9,23.1,47.2,42.6,37.7,25.5,30.4,14.5,53.5,36.4,36.1,23.1,26,59.9,28.6,22.9,18.9,26.9,30.1,23.9,33.6,16.4,44.1,39.1,20.6,40.5,30.1,15,52,35.8,28.6,32.4,53.7,45,29.6,55.8,27.6,48.7,18.1,27.7,51.6
5,18.8,23.9,24.8,35.3,42.8,40.6,29,33.6,42.2,19,31.4,20.6,59.5,15.1,8.7,38.3,19.2,13.5,37.6,55.9,40,12,29.8,13,46.6,40.6,38.3,49.3,30.7,15.8,39.3,39.4,26.2,35.3,26.6,35.9,43,41.4,25.2,25.4,13.2,22.8,30.6,24.3,18.8,20.1,23,20.5,36.9,37.2,36.6,39.1,42.1,21.1,38.3,34.2,30.1,37.8,44.9,33,25.2,29.3,23.8,31.5,29.1,26.9,26.3,46.3,34.2,19.7,20.2,25.6,27.8,27.7,29.3,53.5,16.3,37.5,20,36.4,18.2,68.8,22.2,27.4,34.9,19.9,24.9,35.2,42,20,29.3,19.3,44.7,17.9,16,34.1,18.7,36.9,30.5,19.3,30.1,34.7,31.2,25,78.7,34.5,27.8,21,23.5,23.7,27.6,43.3,16.2,48.6,57.1,33.7,40.1,36.2,34.4,27.5,38.8,30.9,19,24.3,35.6,11.9,27.7,28.4,22.2,28.6,27.3,45.8,54.3,32.6,36.9,28.4,40.1,26.7,41.5,32.7,16.7,29.2,17,17.8,44.7,45.1,38.9,37.9,39.4,27.7,45.6,21.8,38.4,24.8,22.1,33.1,43.1,45.6,42.1,52.6,14.4,46.6,36.9,40.1,26.6,13.1,35.2,31.2,22.8,20.4,42.6,21.5,9.5,64.2,48,25.8,15,33.9,32.2,16.8,31.1,29.7,64,25.7,26.3,32.9,25.8,27,23.1,25.5,15.8,36.3,43.3,18.4,30.7,26.1,17.4,34.1,34,29.3,42.9,16.5,19.9,15.6,46.8,41.9,36.4,35.4,24.6,42.3,41,16.7,41.1,36.3,26.9,16.7,25.1,29.1,17.1,53.3,18.4,20.5,19,10.9,46.8,32.9,22.8,35.2,34.2,26.2,23.1,34,15.6,17.8,17.4,27.5,27.7,13.8,31.2,22.8,45.3,60.1,53.6,17.2,25.9,17.3,34.3,19.1,40.2,36.4,33.5,58.8,31.7,46.2,30,44.8,30.5,18.3,30.8,21.2,18.2,37.9,38.3,22.9,27.9,29.2,18.2,39.8,37.8,32.4,16.2,27.8,37.7,37.1,25.2,27.7,21.4,16.7,26.7,42.9,20,47.5,28.6,26.9,28.5,19,15.3,37.4,24,26.7,23.3,34,34.6,24.1,56.4,29.8,48.6,15.5,23.1,32.9
5,19.8,26.6,42.1,37.9,24.4,31.4,29.5,34.5,36.3,32.4,32.8,31.5,52.1,7.6,21.9,28.1,22.2,24.9,24.6,47,35.2,8.5,31.3,16.8,39.5,38.5,39.6,47.2,19.3,24,34.1,35.9,22.9,35.8,30.9,45.4,46,45.8,29.5,36.7,12.1,25.2,16,38.4,29.2,17.1,17.4,30.6,50.4,41.5,42.8,39,49.8,20.1,28.9,46,34.6,43.1,48.3,29.4,25.9,34,31.5,24.9,23.4,30.3,25.7,37.8,32.8,17.2,21.2,39.5,25.3,42.7,32.2,54.8,17.4,42,18.9,39,14.5,74.7,29.9,18,35.8,22.3,19.9,56,44.3,20.3,28.5,26.3,46.8,24.8,23.7,27,11,30.6,33,20.1,33.3,33,40.3,21.2,49.3,60.2,27.3,21.6,18.2,19.5,31.7,43.6,22.2,43.7,40.8,31.6,44.3,23.9,34.5,16.8,40.7,28.3,13.7,33.3,19.5,23.6,28.9,33,39.8,28.8,27.3,28.4,57.7,33.8,31.1,29.4,30.8,25.4,29.5,25.5,17.8,29.5,18.1,15.8,34.8,34.5,30.6,42.5,39.2,29.4,33.2,21,43.2,34.6,47,42.8,38.4,36.9,36,57.3,12.9,44.9,46,58.5,22.6,15.5,44.9,25.2,30,15.9,34.4,22.6,15.6,69.2,60.8,28.9,21,38,29.2,17.7,32.4,37,51.1,19.5,15.6,38.8,25.8,37.6,23.9,31.8,17.9,31.1,40.8,27.6,37,22.4,22.7,24.5,43.4,46.2,32.3,18.7,25.8,19.6,55.5,47.9,40.6,26.3,37.1,39.4,50.7,16.2,34,34.3,36.3,26.7,21.9,31.4,25.4,44,30.1,17.8,26,18.5,57.2,41.8,24.9,28.1,32.5,22.5,25.2,29.6,17.5,25.1,19.9,31.4,35.8,17,18,29.5,55.4,77.1,48.8,17.9,25.7,34,23.9,28.7,39.2,45.9,46.2,36.6,35,40.5,23.4,36,32,37.3,23.5,21.7,21.1,43,37.7,38.2,18.6,30.5,17.3,48.3,36.4,35.5,25.7,19,59.3,26.2,28.3,18.6,35.3,35.7,27.1,30.6,12.6,35.2,49.6,19,37.6,27.8,10.7,51,31.9,21.5,34.6,50,44.8,32.3,54.4,27.9,40.2,21.8,29.4,48.2
5,23.9,37.1,29.6,44,37.9,41.5,33.3,30.3,47.5,25.4,35.1,23.7,59.7,16.6,17.1,33.1,19.8,22.6,27,52.3,45.5,11,30.1,17.7,51.6,41.3,48.1,54.6,30.7,21.1,39.3,38.1,32.6,33.2,33.1,46,43.3,39.3,35.8,30.1,9.9,26.3,24.6,37.8,27,22.2,17,29.2,58.5,45.2,41.8,46.4,40.3,20.9,28.9,47.6,34.7,44,50.1,33.9,24,35.4,23.2,29.3,30.3,35.8,22.9,42,41.5,14.3,15.2,39,28.8,39.8,27.4,64.5,14.7,36.6,18.8,43.7,12.9,69.5,22.5,21.1,31.5,24.4,30.4,47.5,45.8,19.2,29.7,29.7,48.2,16.9,20.3,32.2,13.1,36,38,26.7,29.9,38.3,43.4,23.4,64.3,46.2,20.4,22.5,28.5,22.9,36.8,48.4,20.1,47.9,52.5,34.7,47.2,40.8,37.1,19.4,41.6,31.9,22.8,33.8,29.1,27.3,26.6,31.3,33.5,33.6,30.7,37.9,54.1,40.1,38.1,29,38.1,33,31.9,35.4,24.7,30.2,19.2,18.8,46.8,39.7,37.9,56.1,41,24.8,36.8,18.4,48.4,28,35.5,37,42.4,40.5,44.1,63.4,12.1,52,36.1,58.3,26.1,13.2,37.4,33.6,28.3,15,43.2,26,12,61.5,60.3,22.8,22.7,34,28.4,11.9,38.5,37.8,55.1,23.8,23.8,47.3,26.3,33.4,24.8,27.6,16.4,33.4,38,23.1,30.3,32.1,21.4,35.2,49.3,38.9,40.9,20.2,18.1,23.8,50.6,47.9,38.8,32.8,35.7,46.8,53.2,19.1,40.7,35.3,29.1,25.8,25.5,28.6,20.3,57.2,30.8,19.5,24,21,51.5,36.7,28.3,41.8,33.6,24.3,25,36.5,15.6,21.6,23.5,29.1,41.1,15.6,28.9,27.6,60.3,70.2,59.8,18.5,35.4,29.1,32,20.6,46.2,44.1,43,40.4,31.5,60.9,34.4,41,39,29,35.5,27,22.5,45.3,50.5,30.3,29.9,31.6,20.1,54.8,39.2,38,19.7,25.6,55.3,32.4,19.9,24.6,21.1,28.5,25.8,41.1,26.3,50.1,34.5,24.8,36.9,27.7,18.8,58.6,33.3,29.2,34.5,56.5,43,29,62.7,30.2,41.3,19.6,22.1,40.1
5,21.7,34.1,28.9,40.4,33.2,39.3,35,29.6,39.7,27.1,36.2,27,57.6,12.7,20.7,34.3,17.6,23.6,30.1,48.2,38.7,11.5,32,19.1,43,43.5,47.8,50.6,31.8,22.3,43.7,45.1,30.5,33.9,26.5,45.2,45.3,41,36.1,35.3,12.1,20.8,20.6,38.9,27.5,19.2,16.3,32.4,58.4,47.3,46.2,39,38.1,19.5,32.6,48.1,29.4,42.9,46.6,30.5,29,36.1,27.4,27.6,27.7,33.1,22.4,39.6,44.7,15.3,17.5,36.8,26.3,44.3,29.8,59.3,16.6,37.4,16.6,40.9,16.2,74.4,25.4,23.3,30.5,25,29.7,52.3,49.6,21,30.8,27.7,43.2,20.8,19.5,31.1,12.2,32.2,42.4,22,31.4,36.1,42.8,22,58.5,48.6,26.5,21.1,22.5,24.7,37.4,44.6,21.4,41.5,53.4,33.3,53.2,34.2,32.8,16.2,47,34.2,21.8,36,27.1,24.7,26.1,33.5,37.9,32.8,29.4,35.3,54.8,39.6,42.7,34.3,33.5,28.3,31.4,32.3,23.9,32,21.6,21,35.4,34,35.2,46.9,44.3,29,37.4,21.3,46.8,35,37.5,40.3,42,40,44,63.3,12.1,46.2,37.5,60.6,26.7,14.8,35.6,41.1,26.9,16.2,36.3,23.2,13.7,67.1,63.9,26.5,21.8,40.1,29.6,16.2,33.7,39.2,51.3,22.7,21.7,45.9,26.7,40.4,28.5,31.3,16.6,30.2,38.9,28.8,30.6,24.6,22,29.8,45.2,41.6,39.7,19.2,21.2,21.2,51,46.7,41,29.6,40.8,45.9,47.2,16.1,40.4,32.9,35.1,25.4,22.8,32.7,26.7,54.6,27.5,19,23.2,19.5,57.7,40.7,23.6,38.3,32.5,26.1,24.9,39.9,20.1,23.9,21.9,33.9,38.8,14.6,27.5,25.6,60.7,74.4,61,19.7,29.3,33.5,28.2,25.4,43.2,41.5,48.9,40.1,30.3,46.1,29,34.4,36,33.7,28.6,24.5,23.9,49,47.9,35.3,26.8,29.4,17.9,57.7,37.2,37,20.9,26,59,32,21.2,20.8,29.1,27.4,23.1,33.3,17.8,42.1,41.9,22.9,39.5,29.5,17.5,57.2,35,28.6,33.1,55.8,45.2,31.3,61.1,25.5,42,22.1,30.1,44.6
5,20.6,31.9,25.4,42.4,45.4,41.6,32.8,32.3,44.3,20.6,31.8,23.5,61,18,12.4,40.4,20.7,17.3,35.1,61.9,45.3,14.5,28.2,13.5,52.4,38,43.9,53.9,29.9,17.1,40.7,41.1,26.4,38.3,30.2,40,45.8,40.6,29.7,23.1,13.8,23.5,29.9,30.6,24.9,22,20.8,20.5,42.9,41.9,39.5,44.4,42.1,25.4,41.2,40.1,29.7,45.8,48.5,40.7,30.4,29,26.2,34.6,31.2,30.7,26.5,48.4,36.3,19.2,18.4,34.4,30.8,32.1,32.1,58.1,19.5,34.9,17.9,36.5,20,74.5,27,29.1,37.1,20.4,26.7,41.7,47.5,21.4,35.1,22,43.3,23.5,17.1,37.8,17.9,43.3,41.1,25.3,34,35.2,35.9,26.4,75.7,36.4,28.7,23.5,29.9,23.2,27.7,43.1,18.8,45.9,61.9,35.1,45.2,40.9,31.7,27.1,42.6,35.4,20.5,33.3,38.6,15.7,31.8,26.7,28.1,37.9,26.9,50,54.6,38.7,37.4,30,41.3,29.3,42.4,36.4,20.2,35.1,19.8,15.1,49.1,42.4,41.2,48.5,34.3,32.1,47.7,20.1,44.3,27.8,27.5,37.5,41.3,43.8,46.3,52.1,11.5,53.2,37.7,43.3,29.8,9.6,40.1,36.1,27.5,20.4,45.7,20.4,10.7,69.7,55.6,27.6,18.3,39,35.3,17.8,34.7,29.7,64.5,27.3,30.6,38.3,28.6,26,24,29.8,13.4,37.8,43.3,19.2,33.6,27.1,15.2,42.4,40,39.2,47,18.4,23.5,18.2,51.5,47.6,39.8,33.7,28.5,43.6,50,16.2,41.6,41.1,27.8,21.2,27.1,31.9,18.6,59.7,24,21.2,23.6,11.2,52.3,36.1,27.2,39.3,33.4,27.5,24.3,37.9,17.8,20,18.6,29.2,34,15.8,32.4,22.8,54.2,62.5,61.8,17.3,32.7,22.6,33.7,16.2,42.4,38.4,33.4,59.6,30.5,49.6,31.9,45.3,36.2,22,32.4,24.4,21.2,45.6,46.7,25.8,35.8,32.5,22,43.9,43.4,39.1,17.7,30,47.7,39.9,21.9,31.8,24,19,29.6,46.8,23.1,47.3,35.7,26.3,35,21.6,17.8,47.6,31.1,29.4,26.9,37.1,40,25.7,63.1,27.8,48.4,16.9,26.2,36.3
5,23.7,31.1,45,40.3,28.6,37.7,29.8,30.5,37.7,31.9,38.6,36.9,54.6,12.7,20.3,35.7,24.6,28.5,28.8,50.8,41.2,11.6,37.2,20,47.3,46.8,43.8,55.1,26.6,22,44.1,42.7,29.5,38.9,36.2,50.7,50.4,53.7,35.6,38.5,11.8,26.4,17.8,42.8,32.7,20.6,19.4,34,56.9,45.8,46.9,45.4,51,25.4,31.6,58.3,37.8,47.6,55.3,35.5,31.8,36.5,35.7,30,28.4,33.1,24.8,46.5,43.4,15.8,21.8,39,27.7,48.2,34.2,64,19.6,47.3,18.9,46.4,15.2,82.4,32.4,20.4,39.5,24.3,28.5,59,53.2,21.1,31.6,30.2,51,23.8,22.3,34.7,11.3,39,35.2,22.7,41.7,38.6,45.4,25.8,60.9,56.9,26.2,22.5,24.2,23.6,36,47.8,21.5,45.8,51.9,38.1,51.1,34.6,40.6,17.1,44.8,33.9,20.7,37.9,30.7,27.4,33.1,39.1,48.1,34.4,31.6,37.8,64.9,39.8,43,35.4,34.6,32,37.2,33,24.1,36.4,24,17.5,38.8,41.4,32.7,57,42.2,32.5,35.4,25.2,47.2,39.5,43.5,45.9,43.3,44.7,44.1,66.7,16.2,51.5,42.2,62.3,27.7,14.8,53.4,35.9,31,15.7,42,21.3,19.6,73.2,67.2,29,23.6,41,35.5,20.7,34.4,48.4,55.2,19,17.2,44.2,29.3,38.6,27,31.9,19.8,37.4,41.9,33.8,35.3,25.5,28,30.1,46.6,51,41.4,21.6,27.6,24.4,60.3,53.1,46.1,31.8,43.1,43.1,58.9,21,44.2,39.5,39.7,29.3,23.6,39.1,30.8,58,31.7,19,28.4,17.7,72.4,51.8,25.7,36,33.8,26.6,27.3,37.4,17.9,27.8,21.3,38.7,42,20.1,22.9,30.4,67.4,83.8,60.5,20.4,29,36.7,30.4,32.4,47.4,42.2,51.3,43.8,35.8,48.3,28.3,32.9,38.3,44.9,31.4,29.1,25.9,52.7,42.8,41.1,25.7,33.6,18.4,51.8,40.3,37.3,25.9,26.5,65.6,32.9,31,20.9,35.9,34.6,29.3,34.4,14.4,44.5,49.2,20.7,43.6,33.7,15.7,60.3,39.7,28.7,38.4,57.3,49.4,34.4,64.3,34.9,44,23.4,35.7,51.2
5,21.1,27.8,38.1,45.7,19.3,33.6,26.6,32.3,38.6,31.8,35.6,34.3,45,8.6,24,25.4,21.8,24.3,22.6,45.2,29.5,8.6,29.9,20.5,30,38.4,39.1,47.9,18,18.8,35.3,33.1,18.3,35.3,31,43.8,42.8,48,27.8,39.8,15.1,21.7,15.5,35.9,25.5,18,20.6,30.6,46.9,39.5,47.3,36.4,53.1,28.2,26.6,45.2,34.3,38.5,49.7,30.8,30.2,30.4,31.8,25,23.2,28.5,28.9,33.6,29.4,14.4,22.9,36.2,27.4,44.5,37.4,55.3,21.9,42.8,20.9,38.4,12.4,71.9,31.1,18.7,36.3,22.2,24.3,52.9,47.2,20.8,27.2,21.2,43.5,27.6,27.5,24.4,8.4,29.1,33.8,19,32.1,31,42.7,25.6,44.5,58.8,29.9,23.6,19.2,21.4,37.1,40.2,19.1,38.8,36.5,32,50.3,21.2,35.4,17.2,47.1,24.7,14.5,37.8,17.3,24.9,36.3,32.4,40.7,24.2,21,30.4,55.7,32.7,35.2,31.1,25.8,24.9,33.3,30.4,14.8,33.1,18.5,15,35.5,35.5,27.2,34.6,36.9,28.9,26.4,15.7,39.4,37.5,46.3,45.5,35.7,31.6,33.1,59.1,11.4,43,48,62.9,24.3,16.7,48.5,25.2,30.6,16.3,35.9,21.7,17.4,70.6,55.6,21.8,19.8,38.2,32.8,16.5,29.9,32.9,50.3,15.7,11.5,33.9,25.9,39.8,25.9,32.3,16.5,33.3,40.2,28.6,37.7,24,19.8,24.3,41.5,42.1,31.3,16.8,26.2,20.1,49,44.3,37.9,28.7,43.7,32.2,46.2,16.1,35.2,38.3,35.1,22.4,22.7,29,22.4,37.9,34,17.8,28.6,16.2,52.7,41.1,21.6,26,32.3,21.6,24,33.1,12.5,28.5,18.1,27.6,30.8,18.6,19.8,25.5,50.2,74.9,51.3,16.2,23.1,37.7,23,32.4,47.8,47,43.9,34.7,38.9,37.9,24.1,29.2,32.6,39,20.4,24.2,25.8,49.8,39.9,38.2,16.9,31,19.4,44.9,41.4,31.9,21.2,21.9,60.5,26.7,26.1,19.6,32.9,34.3,27.6,31.8,13.2,37.7,54.4,17.7,38.5,29.9,10.6,50.5,35,22,31.9,51.7,42,37,52.1,29.5,36.1,20.7,30,44.8
5,21.1,27.8,38.1,45.7,19.3,33.6,26.6,32.3,38.6,31.8,35.6,34.3,45,8.6,24,25.4,21.8,24.3,22.6,45.2,29.5,8.6,29.9,20.5,30,38.4,39.1,47.9,18,18.8,35.3,33.1,18.3,35.3,31,43.8,42.8,48,27.8,39.8,15.1,21.7,15.5,35.9,25.5,18,20.6,30.6,46.9,39.5,47.3,36.4,53.1,28.2,26.6,45.2,34.3,38.5,49.7,30.8,30.2,30.4,31.8,25,23.2,28.5,28.9,33.6,29.4,14.4,22.9,36.2,27.4,44.5,37.4,55.3,21.9,42.8,20.9,38.4,12.4,71.9,31.1,18.7,36.3,22.2,24.3,52.9,47.2,20.8,27.2,21.2,43.5,27.6,27.5,24.4,8.4,29.1,33.8,19,32.1,31,42.7,25.6,44.5,58.8,29.9,23.6,19.2,21.4,37.1,40.2,19.1,38.8,36.5,32,50.3,21.2,35.4,17.2,47.1,24.7,14.5,37.8,17.3,24.9,36.3,32.4,40.7,24.2,21,30.4,55.7,32.7,35.2,31.1,25.8,24.9,33.3,30.4,14.8,33.1,18.5,15,35.5,35.5,27.2,34.6,36.9,28.9,26.4,15.7,39.4,37.5,46.3,45.5,35.7,31.6,33.1,59.1,11.4,43,48,62.9,24.3,16.7,48.5,25.2,30.6,16.3,35.9,21.7,17.4,70.6,55.6,21.8,19.8,38.2,32.8,16.5,29.9,32.9,50.3,15.7,11.5,33.9,25.9,39.8,25.9,32.3,16.5,33.3,40.2,28.6,37.7,24,19.8,24.3,41.5,42.1,31.3,16.8,26.2,20.1,49,44.3,37.9,28.7,43.7,32.2,46.2,16.1,35.2,38.3,35.1,22.4,22.7,29,22.4,37.9,34,17.8,28.6,16.2,52.7,41.1,21.6,26,32.3,21.6,24,33.1,12.5,28.5,18.1,27.6,30.8,18.6,19.8,25.5,50.2,74.9,51.3,16.2,23.1,37.7,23,32.4,47.8,47,43.9,34.7,38.9,37.9,24.1,29.2,32.6,39,20.4,24.2,25.8,49.8,39.9,38.2,16.9,31,19.4,44.9,41.4,31.9,21.2,21.9,60.5,26.7,26.1,19.6,32.9,34.3,27.6,31.8,13.2,37.7,54.4,17.7,38.5,29.9,10.6,50.5,35,22,31.9,51.7,42,37,52.1,29.5,36.1,20.7,30,44.8
